RUNNING THE L-BFGS-B CODE

it    = iteration number
nf    = number of function evaluations
nseg  = number of segments explored during the Cauchy search
nact  = number of active bounds at the generalized Cauchy point
sub   = manner in which the subspace minimization terminated:
        con = converged, bnd = a bound was reached
itls  = number of iterations performed in the line search
stepl = step length used
tstep = norm of the displacement (total step)
projg = norm of the projected gradient
f     = function value

           * * *

Machine precision = 2.220D-16
 N =         8319     M =           10

   it   nf  nseg  nact  sub  itls  stepl    tstep     projg        f
    0    1     -     -   -     -     -        -     2.433D+01  5.869D+10
    1    2     1  2067  ---    0  1.0D+00  3.9D+02  2.433D+01  5.869D+10
    2    3    10  2076  bnd    0  1.0D+00  1.5D+08  2.996D+01  3.777D+10
    3    4    15   797  bnd    0  1.0D+00  8.3D+07  2.613D+01  2.851D+10
    4    5     3   422  bnd    0  1.0D+00  1.9D+07  2.285D+01  2.052D+10
    5    6    22   397  bnd    0  1.0D+00  3.7D+07  1.665D+01  1.614D+10
    6    7     7   328  bnd    0  1.0D+00  3.3D+07  1.192D+01  1.200D+10
    7    8     7   310  bnd    0  1.0D+00  7.1D+07  1.417D+01  8.912D+09
    8    9     1   285  bnd    0  1.0D+00  3.7D+07  1.240D+01  6.992D+09
    9   10     5   280  bnd    0  1.0D+00  4.1D+07  1.151D+01  5.744D+09
   10   11     2   259  bnd    0  1.0D+00  2.6D+07  9.014D+00  4.842D+09
   11   12     6   253  bnd    0  1.0D+00  3.4D+07  8.316D+00  4.054D+09
   12   13     3   248  bnd    0  1.0D+00  1.4D+07  7.214D+00  3.547D+09
   13   14     1   243  bnd    0  1.0D+00  8.0D+06  7.086D+00  3.147D+09
   14   15     3   246  bnd    0  1.0D+00  8.2D+06  7.327D+00  2.820D+09
   15   16     2   239  bnd    0  1.0D+00  7.7D+06  5.917D+00  2.570D+09
   16   17     3   239  bnd    0  1.0D+00  1.0D+07  5.010D+00  2.360D+09
   17   18     4   240  bnd    0  1.0D+00  1.5D+07  5.897D+00  2.174D+09
   18   19     2   245  bnd    0  1.0D+00  1.5D+07  5.125D+00  2.023D+09
   19   20     1   244  bnd    0  1.0D+00  1.0D+07  5.409D+00  1.899D+09
   20   21     1   244  bnd    0  1.0D+00  7.3D+06  4.778D+00  1.799D+09
   21   22     1   244  bnd    0  1.0D+00  6.0D+06  4.111D+00  1.717D+09
   22   23     1   243  bnd    0  1.0D+00  5.7D+06  4.309D+00  1.650D+09
   23   24     1   241  bnd    0  1.0D+00  5.6D+06  3.285D+00  1.596D+09
   24   25     1   238  bnd    0  1.0D+00  4.5D+06  3.607D+00  1.554D+09
   25   26     1   238  bnd    0  1.0D+00  3.7D+06  3.189D+00  1.519D+09
   26   27     1   237  bnd    0  1.0D+00  3.6D+06  3.364D+00  1.489D+09
   27   28     1   235  bnd    0  1.0D+00  2.8D+06  2.943D+00  1.465D+09
   28   29     1   235  bnd    0  1.0D+00  2.2D+06  2.931D+00  1.443D+09
   29   30     1   236  bnd    0  1.0D+00  2.5D+06  3.017D+00  1.424D+09
   30   31     1   233  bnd    0  1.0D+00  2.5D+06  2.744D+00  1.407D+09
   31   32     1   233  bnd    0  1.0D+00  2.1D+06  2.160D+00  1.392D+09
   32   33     1   234  con    0  1.0D+00  2.0D+06  2.575D+00  1.379D+09
   33   34     1   234  bnd    0  1.0D+00  1.7D+06  2.285D+00  1.369D+09
   34   35     1   235  bnd    0  1.0D+00  1.6D+06  1.936D+00  1.359D+09
   35   36     1   235  bnd    0  1.0D+00  1.8D+06  2.584D+00  1.351D+09
   36   37     1   234  bnd    0  1.0D+00  1.4D+06  2.344D+00  1.343D+09
   37   38     1   235  con    0  1.0D+00  1.2D+06  1.944D+00  1.337D+09
   38   39     2   236  con    0  1.0D+00  1.3D+06  2.208D+00  1.331D+09
   39   40     1   236  con    0  1.0D+00  1.1D+06  1.938D+00  1.326D+09
   40   41     1   236  con    0  1.0D+00  1.1D+06  1.820D+00  1.321D+09
   41   42     1   235  con    0  1.0D+00  1.3D+06  2.070D+00  1.316D+09
   42   43     1   233  bnd    0  1.0D+00  1.1D+06  1.991D+00  1.312D+09
   43   44     1   233  bnd    0  1.0D+00  1.0D+06  1.384D+00  1.308D+09
   44   45     1   234  con    0  1.0D+00  1.2D+06  2.589D+00  1.304D+09
   45   46     1   233  bnd    0  1.0D+00  9.9D+05  2.257D+00  1.301D+09
   46   47     1   232  bnd    0  1.0D+00  9.6D+05  2.038D+00  1.297D+09
   47   48     1   233  bnd    0  1.0D+00  1.4D+06  2.626D+00  1.294D+09
   48   49     1   233  con    0  1.0D+00  1.1D+06  2.167D+00  1.291D+09
   49   50     1   233  con    0  1.0D+00  9.2D+05  2.430D+00  1.288D+09
   50   51     1   233  bnd    0  1.0D+00  1.2D+06  2.109D+00  1.285D+09
   51   52     2   237  con    0  1.0D+00  8.2D+05  1.707D+00  1.282D+09
   52   53     1   237  bnd    0  1.0D+00  6.4D+05  1.620D+00  1.280D+09
   53   54     1   237  con    0  1.0D+00  1.1D+06  1.958D+00  1.277D+09
   54   55     1   237  con    0  1.0D+00  1.0D+06  2.041D+00  1.275D+09
   55   56     1   237  bnd    0  1.0D+00  6.7D+05  2.043D+00  1.273D+09
   56   57     1   237  bnd    0  1.0D+00  1.3D+06  2.203D+00  1.270D+09
   57   58     1   237  con    0  1.0D+00  6.8D+05  1.916D+00  1.269D+09
   58   59     1   237  con    0  1.0D+00  3.6D+05  1.870D+00  1.267D+09
   59   60     1   237  bnd    0  1.0D+00  1.2D+06  2.078D+00  1.265D+09
   60   61     1   237  con    0  1.0D+00  9.1D+05  2.433D+00  1.264D+09
   61   62     1   237  con    0  1.0D+00  1.9D+05  2.023D+00  1.262D+09
   62   63     2   238  con    0  1.0D+00  7.5D+05  2.148D+00  1.261D+09
   63   64     1   238  con    0  1.0D+00  5.2D+05  1.413D+00  1.259D+09
   64   65     1   237  con    0  1.0D+00  7.5D+05  1.774D+00  1.258D+09
   65   66     1   236  con    0  1.0D+00  8.9D+05  1.827D+00  1.257D+09
   66   67     1   236  bnd    0  1.0D+00  7.6D+05  1.531D+00  1.256D+09
   67   68     1   238  con    0  1.0D+00  4.1D+05  1.695D+00  1.254D+09
   68   69     1   238  con    0  1.0D+00  4.4D+05  1.365D+00  1.253D+09
   69   70     1   238  con    0  1.0D+00  5.6D+05  1.486D+00  1.252D+09
   70   71     1   238  con    0  1.0D+00  6.9D+05  1.291D+00  1.251D+09
   71   72     1   237  bnd    0  1.0D+00  9.0D+05  1.399D+00  1.250D+09
   72   73     1   239  bnd    0  1.0D+00  7.7D+05  1.527D+00  1.249D+09
   73   74     1   240  bnd    0  1.0D+00  6.8D+05  1.087D+00  1.248D+09
   74   75     1   240  con    0  1.0D+00  8.6D+05  1.518D+00  1.247D+09
   75   76     1   239  con    0  1.0D+00  6.3D+05  1.352D+00  1.246D+09
   76   77     1   239  con    0  1.0D+00  5.6D+05  1.334D+00  1.244D+09
   77   78     1   238  con    0  1.0D+00  1.0D+06  1.728D+00  1.243D+09
   78   79     1   238  bnd    0  1.0D+00  8.3D+05  1.334D+00  1.242D+09
   79   80     1   239  con    0  1.0D+00  6.0D+05  1.270D+00  1.241D+09
   80   81     1   239  con    0  1.0D+00  1.1D+06  1.645D+00  1.240D+09
   81   82     1   239  con    0  1.0D+00  9.1D+05  1.499D+00  1.239D+09
   82   83     1   238  bnd    0  1.0D+00  4.6D+05  1.665D+00  1.238D+09
   83   84     1   238  con    0  1.0D+00  1.2D+06  1.473D+00  1.236D+09
   84   85     1   238  con    0  1.0D+00  7.7D+05  1.747D+00  1.235D+09
   85   86     1   238  con    0  1.0D+00  3.6D+05  1.807D+00  1.235D+09
   86   87     1   238  bnd    0  1.0D+00  1.2D+06  1.661D+00  1.233D+09
   87   88     1   238  bnd    0  1.0D+00  6.8D+05  1.638D+00  1.232D+09
   88   89     1   239  con    0  1.0D+00  3.3D+05  1.779D+00  1.232D+09
   89   90     1   239  con    0  1.0D+00  1.1D+06  1.401D+00  1.230D+09
   90   91     1   237  con    0  1.0D+00  8.5D+05  1.577D+00  1.229D+09
   91   92     1   237  con    0  1.0D+00  3.0D+05  1.492D+00  1.229D+09
   92   93     1   237  con    0  1.0D+00  8.8D+05  1.491D+00  1.228D+09
   93   94     1   237  con    0  1.0D+00  5.4D+05  1.437D+00  1.227D+09
   94   95     1   237  con    0  1.0D+00  3.9D+05  1.399D+00  1.226D+09
   95   96     1   237  con    0  1.0D+00  7.9D+05  1.228D+00  1.226D+09
   96   97     1   237  con    0  1.0D+00  4.9D+05  1.285D+00  1.225D+09
   97   98     1   235  con    0  1.0D+00  2.4D+05  1.167D+00  1.225D+09
   98   99     1   234  con    0  1.0D+00  6.3D+05  1.570D+00  1.224D+09
   99  100     1   234  con    0  1.0D+00  4.1D+05  1.435D+00  1.223D+09
  100  101     1   234  con    0  1.0D+00  3.0D+05  1.383D+00  1.223D+09
  101  102     1   234  con    0  1.0D+00  8.0D+05  1.516D+00  1.222D+09
  102  103     1   234  con    0  1.0D+00  5.6D+05  1.413D+00  1.222D+09
  103  104     1   234  con    0  1.0D+00  2.0D+05  1.478D+00  1.221D+09
  104  105     1   234  bnd    0  1.0D+00  5.2D+05  1.246D+00  1.221D+09
  105  106     1   234  bnd    0  1.0D+00  4.1D+05  1.424D+00  1.221D+09
  106  107     1   234  con    0  1.0D+00  3.6D+05  1.196D+00  1.220D+09
  107  108     1   234  bnd    0  1.0D+00  7.7D+05  1.319D+00  1.220D+09
  108  109     1   235  con    0  1.0D+00  3.1D+05  1.438D+00  1.219D+09
  109  110     1   235  con    0  1.0D+00  1.5D+05  1.239D+00  1.219D+09
  110  111     1   235  con    0  1.0D+00  5.3D+05  1.249D+00  1.218D+09
  111  112     1   234  con    0  1.0D+00  6.0D+05  1.448D+00  1.218D+09
  112  113     1   234  con    0  1.0D+00  3.5D+05  1.450D+00  1.218D+09
  113  114     1   234  bnd    0  1.0D+00  9.0D+05  1.529D+00  1.217D+09
  114  115     1   236  con    0  1.0D+00  5.3D+05  1.431D+00  1.217D+09
  115  116     1   236  con    0  1.0D+00  2.7D+05  1.374D+00  1.216D+09
  116  117     1   236  con    0  1.0D+00  6.1D+05  1.107D+00  1.216D+09
  117  118     1   236  con    0  1.0D+00  4.4D+05  1.269D+00  1.216D+09
  118  119     1   236  con    0  1.0D+00  2.8D+05  1.194D+00  1.215D+09
  119  120     1   235  con    0  1.0D+00  7.1D+05  1.149D+00  1.215D+09
  120  121     1   235  con    0  1.0D+00  4.8D+05  1.264D+00  1.215D+09
  121  122     1   234  con    0  1.0D+00  1.5D+05  1.081D+00  1.215D+09
  122  123     1   234  con    0  1.0D+00  4.8D+05  1.128D+00  1.214D+09
  123  124     1   234  con    0  1.0D+00  3.5D+05  1.023D+00  1.214D+09
  124  125     1   234  con    0  1.0D+00  3.6D+05  1.006D+00  1.214D+09
  125  126     1   233  con    0  1.0D+00  6.5D+05  1.162D+00  1.214D+09
  126  127     1   233  con    0  1.0D+00  2.6D+05  9.470D-01  1.214D+09
  127  128     1   233  con    0  1.0D+00  1.5D+05  9.465D-01  1.213D+09
  128  129     1   233  con    0  1.0D+00  3.8D+05  9.598D-01  1.213D+09
  129  130     1   233  con    0  1.0D+00  4.9D+05  1.129D+00  1.213D+09
  130  131     1   232  con    0  1.0D+00  3.4D+05  8.972D-01  1.213D+09
  131  132     1   232  con    0  1.0D+00  6.4D+05  1.033D+00  1.212D+09
  132  133     1   232  con    0  1.0D+00  3.8D+05  9.650D-01  1.212D+09
  133  134     1   232  con    0  1.0D+00  3.0D+05  1.064D+00  1.212D+09
  134  135     1   232  con    0  1.0D+00  6.0D+05  1.119D+00  1.212D+09
  135  136     1   232  con    0  1.0D+00  3.8D+05  1.005D+00  1.212D+09
  136  137     1   232  bnd    0  1.0D+00  1.7D+05  7.877D-01  1.211D+09
  137  138     1   233  con    0  1.0D+00  5.0D+05  9.276D-01  1.211D+09
  138  139     1   233  con    0  1.0D+00  4.4D+05  1.272D+00  1.211D+09
  139  140     1   233  con    0  1.0D+00  1.9D+05  1.197D+00  1.211D+09
  140  141     1   233  bnd    0  1.0D+00  4.3D+05  1.136D+00  1.211D+09
  141  142     1   234  con    0  1.0D+00  2.6D+05  8.599D-01  1.211D+09
  142  143     1   234  con    0  1.0D+00  3.2D+05  9.001D-01  1.210D+09
  143  144     1   234  con    0  1.0D+00  3.9D+05  9.876D-01  1.210D+09
  144  145     1   234  con    0  1.0D+00  2.5D+05  8.602D-01  1.210D+09
  145  146     1   234  con    0  1.0D+00  1.5D+05  8.119D-01  1.210D+09
  146  147     1   234  con    0  1.0D+00  2.2D+05  8.544D-01  1.210D+09
  147  148     1   234  con    0  1.0D+00  3.0D+05  8.593D-01  1.210D+09
  148  149     1   234  con    0  1.0D+00  2.9D+05  6.995D-01  1.210D+09
  149  150     1   234  con    0  1.0D+00  3.9D+05  8.514D-01  1.209D+09
  150  151     1   234  con    0  1.0D+00  2.7D+05  7.230D-01  1.209D+09
  151  152     1   234  con    0  1.0D+00  2.6D+05  6.672D-01  1.209D+09
  152  153     1   233  con    0  1.0D+00  3.3D+05  9.571D-01  1.209D+09
  153  154     1   233  con    0  1.0D+00  1.8D+05  7.585D-01  1.209D+09
  154  155     1   233  con    0  1.0D+00  1.5D+05  7.078D-01  1.209D+09
  155  156     1   233  con    0  1.0D+00  2.7D+05  1.087D+00  1.209D+09
  156  157     1   233  con    0  1.0D+00  2.8D+05  8.133D-01  1.209D+09
  157  158     1   233  con    0  1.0D+00  2.2D+05  6.900D-01  1.209D+09
  158  159     1   233  con    0  1.0D+00  2.9D+05  9.221D-01  1.209D+09
  159  160     1   233  con    0  1.0D+00  2.0D+05  8.434D-01  1.208D+09
  160  161     1   233  con    0  1.0D+00  1.2D+05  7.707D-01  1.208D+09
  161  162     1   233  con    0  1.0D+00  2.2D+05  9.707D-01  1.208D+09
  162  163     1   233  con    0  1.0D+00  1.6D+05  8.459D-01  1.208D+09
  163  164     1   233  con    0  1.0D+00  7.7D+04  7.111D-01  1.208D+09
  164  165     1   233  con    0  1.0D+00  1.7D+05  5.687D-01  1.208D+09
  165  166     1   233  con    0  1.0D+00  1.4D+05  6.179D-01  1.208D+09
  166  167     1   233  con    0  1.0D+00  8.5D+04  4.902D-01  1.208D+09
  167  168     1   233  con    0  1.0D+00  1.7D+05  6.117D-01  1.208D+09
  168  169     1   232  bnd    0  1.0D+00  6.6D+04  7.698D-01  1.208D+09
  169  170     1   232  con    0  1.0D+00  2.3D+04  6.373D-01  1.208D+09
  170  171     1   232  con    0  1.0D+00  8.1D+04  5.604D-01  1.208D+09
  171  172     1   232  con    0  1.0D+00  7.9D+04  8.477D-01  1.208D+09
  172  173     1   232  con    0  1.0D+00  5.3D+04  8.398D-01  1.208D+09
  173  174     1   232  con    0  1.0D+00  1.4D+05  5.210D-01  1.208D+09
  174  175     1   232  con    0  1.0D+00  1.0D+05  7.120D-01  1.208D+09
  175  176     1   232  con    0  1.0D+00  5.7D+04  6.270D-01  1.208D+09
  176  177     1   232  con    0  1.0D+00  1.2D+05  5.854D-01  1.208D+09
  177  178     1   232  con    0  1.0D+00  6.8D+04  6.852D-01  1.208D+09
  178  179     1   232  con    0  1.0D+00  4.4D+04  5.628D-01  1.208D+09
  179  180     1   232  bnd    0  1.0D+00  1.6D+05  6.808D-01  1.208D+09
  180  181     1   233  con    0  1.0D+00  1.0D+05  6.431D-01  1.208D+09
  181  182     1   233  con    0  1.0D+00  6.0D+04  6.103D-01  1.208D+09
  182  183     1   233  con    0  1.0D+00  1.9D+05  5.703D-01  1.208D+09
  183  184     1   233  con    0  1.0D+00  8.7D+04  5.628D-01  1.208D+09
  184  185     1   233  con    0  1.0D+00  5.8D+04  6.646D-01  1.208D+09
  185  186     1   233  con    0  1.0D+00  1.4D+05  5.602D-01  1.207D+09
  186  187     1   233  con    0  1.0D+00  1.1D+05  6.337D-01  1.207D+09
  187  188     1   233  con    0  1.0D+00  4.1D+04  5.401D-01  1.207D+09
  188  189     1   233  con    0  1.0D+00  1.0D+05  5.709D-01  1.207D+09
  189  190     1   232  bnd    0  1.0D+00  8.5D+04  5.201D-01  1.207D+09
  190  191     1   232  con    0  1.0D+00  7.4D+04  4.498D-01  1.207D+09
  191  192     1   232  con    0  1.0D+00  1.4D+05  6.412D-01  1.207D+09
  192  193     1   232  con    0  1.0D+00  5.9D+04  4.563D-01  1.207D+09
  193  194     1   232  con    0  1.0D+00  4.5D+04  5.937D-01  1.207D+09
  194  195     1   232  con    0  1.0D+00  8.7D+04  4.892D-01  1.207D+09
  195  196     1   232  con    0  1.0D+00  7.9D+04  3.957D-01  1.207D+09
  196  197     1   232  con    0  1.0D+00  6.0D+04  4.278D-01  1.207D+09
  197  198     1   232  con    0  1.0D+00  1.0D+05  6.184D-01  1.207D+09
  198  199     1   232  con    0  1.0D+00  7.4D+04  4.537D-01  1.207D+09
  199  200     1   232  con    0  1.0D+00  4.0D+04  3.937D-01  1.207D+09
  200  201     1   232  con    0  1.0D+00  9.7D+04  4.714D-01  1.207D+09
  201  202     1   232  con    0  1.0D+00  6.1D+04  5.434D-01  1.207D+09
  202  203     1   232  con    0  1.0D+00  3.9D+04  4.682D-01  1.207D+09
  203  204     1   232  con    0  1.0D+00  1.0D+05  4.956D-01  1.207D+09
  204  205     1   232  con    0  1.0D+00  5.5D+04  4.587D-01  1.207D+09
  205  206     1   232  con    0  1.0D+00  2.5D+04  3.596D-01  1.207D+09
  206  207     1   232  con    0  1.0D+00  7.0D+04  4.788D-01  1.207D+09
  207  208     1   232  con    0  1.0D+00  5.6D+04  4.278D-01  1.207D+09
  208  209     1   232  con    0  1.0D+00  3.1D+04  3.928D-01  1.207D+09
  209  210     1   232  con    0  1.0D+00  7.9D+04  4.074D-01  1.207D+09
  210  211     1   232  con    0  1.0D+00  4.2D+04  4.128D-01  1.207D+09
  211  212     1   232  con    0  1.0D+00  2.1D+04  4.508D-01  1.207D+09
  212  213     1   232  con    0  1.0D+00  6.1D+04  3.052D-01  1.207D+09
  213  214     1   232  con    0  1.0D+00  5.1D+04  4.961D-01  1.207D+09
  214  215     1   232  con    0  1.0D+00  2.1D+04  4.089D-01  1.207D+09
  215  216     1   232  con    0  1.0D+00  5.1D+04  3.846D-01  1.207D+09
  216  217     1   232  con    0  1.0D+00  2.8D+04  3.110D-01  1.207D+09
  217  218     1   232  con    0  1.0D+00  3.7D+04  3.671D-01  1.207D+09
  218  219     1   232  con    0  1.0D+00  5.8D+04  4.522D-01  1.207D+09
  219  220     1   232  con    0  1.0D+00  2.8D+04  3.616D-01  1.207D+09
  220  221     1   232  con    0  1.0D+00  1.3D+04  2.841D-01  1.207D+09
  221  222     1   232  bnd    0  1.0D+00  3.1D+04  3.573D-01  1.207D+09
  222  223     1   232  bnd    0  1.0D+00  4.3D+04  4.581D-01  1.207D+09
  223  224     1   232  con    0  1.0D+00  3.3D+04  3.918D-01  1.207D+09
  224  225     1   232  con    0  1.0D+00  5.9D+04  3.598D-01  1.207D+09
  225  226     1   232  con    0  1.0D+00  3.4D+04  3.551D-01  1.207D+09
  226  227     1   232  con    0  1.0D+00  2.2D+04  3.384D-01  1.207D+09
  227  228     1   232  con    0  1.0D+00  4.6D+04  3.772D-01  1.207D+09
  228  229     1   232  con    0  1.0D+00  3.5D+04  4.415D-01  1.207D+09
  229  230     1   232  con    0  1.0D+00  1.3D+04  2.702D-01  1.207D+09
  230  231     1   232  con    0  1.0D+00  4.5D+04  3.265D-01  1.207D+09
  231  232     1   232  con    0  1.0D+00  3.4D+04  4.021D-01  1.207D+09
  232  233     1   232  con    0  1.0D+00  2.7D+04  4.804D-01  1.207D+09
  233  234     1   232  con    0  1.0D+00  5.3D+04  3.936D-01  1.207D+09
  234  235     1   232  bnd    0  1.0D+00  4.2D+04  4.190D-01  1.207D+09
  235  236     1   233  con    0  1.0D+00  9.0D+03  3.514D-01  1.207D+09
  236  237     1   233  con    0  1.0D+00  2.2D+04  2.721D-01  1.207D+09
  237  238     1   233  con    0  1.0D+00  2.6D+04  3.353D-01  1.207D+09
  238  239     1   233  con    0  1.0D+00  2.9D+04  3.364D-01  1.207D+09
  239  240     1   233  con    0  1.0D+00  6.7D+04  5.014D-01  1.207D+09
  240  241     1   233  con    0  1.0D+00  1.5D+04  2.519D-01  1.207D+09
  241  242     1   233  con    0  1.0D+00  8.0D+03  3.474D-01  1.207D+09
  242  243     1   233  con    0  1.0D+00  2.5D+04  3.568D-01  1.207D+09
  243  244     1   233  con    0  1.0D+00  4.2D+04  4.019D-01  1.207D+09
  244  245     1   233  con    0  1.0D+00  2.5D+04  2.940D-01  1.207D+09
  245  246     1   233  con    0  1.0D+00  3.4D+04  3.359D-01  1.207D+09
  246  247     1   233  con    0  1.0D+00  2.6D+04  3.438D-01  1.207D+09
  247  248     1   233  con    0  1.0D+00  3.0D+04  2.348D-01  1.207D+09
  248  249     1   233  con    0  1.0D+00  3.3D+04  3.222D-01  1.207D+09
  249  250     1   233  con    0  1.0D+00  2.0D+04  2.590D-01  1.207D+09
  250  251     1   233  con    0  1.0D+00  1.5D+04  2.403D-01  1.207D+09
  251  252     1   233  con    0  1.0D+00  2.3D+04  2.845D-01  1.207D+09
  252  253     1   233  con    0  1.0D+00  2.6D+04  3.000D-01  1.207D+09
  253  254     1   233  con    0  1.0D+00  2.6D+04  2.624D-01  1.207D+09
  254  255     1   233  con    0  1.0D+00  3.3D+04  2.028D-01  1.207D+09
  255  256     1   233  con    0  1.0D+00  2.8D+04  2.922D-01  1.207D+09
  256  257     1   233  con    0  1.0D+00  2.0D+04  1.722D-01  1.207D+09
  257  258     1   233  con    0  1.0D+00  2.0D+04  2.529D-01  1.207D+09
  258  259     1   233  con    0  1.0D+00  1.3D+04  1.724D-01  1.207D+09
  259  260     1   233  con    0  1.0D+00  1.7D+04  2.211D-01  1.207D+09
  260  261     1   233  con    0  1.0D+00  2.9D+04  3.332D-01  1.207D+09
  261  262     1   233  con    0  1.0D+00  2.0D+04  2.040D-01  1.207D+09
  262  263     1   233  con    0  1.0D+00  1.6D+04  2.388D-01  1.207D+09
  263  264     1   233  con    0  1.0D+00  1.9D+04  2.079D-01  1.207D+09
  264  265     1   233  con    0  1.0D+00  1.7D+04  2.162D-01  1.207D+09
  265  266     1   233  con    0  1.0D+00  1.7D+04  2.301D-01  1.207D+09
  266  267     1   233  con    0  1.0D+00  1.9D+04  2.116D-01  1.207D+09
  267  268     1   233  con    0  1.0D+00  1.9D+04  2.465D-01  1.207D+09
  268  269     1   233  con    0  1.0D+00  1.6D+04  1.924D-01  1.207D+09
  269  270     1   233  con    0  1.0D+00  2.1D+04  2.261D-01  1.207D+09
  270  271     1   233  con    0  1.0D+00  2.1D+04  3.205D-01  1.207D+09
  271  272     1   233  con    0  1.0D+00  8.8D+03  2.382D-01  1.207D+09
  272  273     1   232  con    0  1.0D+00  1.8D+04  2.688D-01  1.207D+09
  273  274     1   232  con    0  1.0D+00  1.4D+04  2.076D-01  1.207D+09
  274  275     1   232  con    0  1.0D+00  1.5D+04  2.088D-01  1.207D+09
  275  276     1   232  con    0  1.0D+00  2.4D+04  3.281D-01  1.207D+09
  276  277     1   232  con    0  1.0D+00  7.9D+03  2.447D-01  1.207D+09
  277  278     1   232  con    0  1.0D+00  4.8D+03  2.201D-01  1.207D+09
  278  279     1   232  con    0  1.0D+00  1.3D+04  2.709D-01  1.207D+09
  279  280     1   232  con    0  1.0D+00  1.7D+04  3.196D-01  1.207D+09
  280  281     1   232  con    0  1.0D+00  1.1D+04  2.944D-01  1.207D+09
  281  282     1   232  con    0  1.0D+00  1.9D+04  2.271D-01  1.207D+09
  282  283     1   232  con    0  1.0D+00  1.6D+04  2.354D-01  1.207D+09
  283  284     1   232  con    0  1.0D+00  1.5D+04  2.113D-01  1.207D+09
  284  285     1   232  con    0  1.0D+00  2.1D+04  2.435D-01  1.207D+09
  285  286     1   232  con    0  1.0D+00  1.3D+04  2.093D-01  1.207D+09
  286  287     1   232  con    0  1.0D+00  1.0D+04  2.178D-01  1.207D+09
  287  288     1   232  con    0  1.0D+00  2.2D+04  2.424D-01  1.207D+09
  288  289     1   232  con    0  1.0D+00  2.5D+04  2.407D-01  1.207D+09
  289  290     1   232  con    0  1.0D+00  1.0D+04  1.845D-01  1.207D+09
  290  291     1   232  con    0  1.0D+00  2.0D+04  2.040D-01  1.207D+09
  291  292     1   232  con    0  1.0D+00  1.6D+04  2.181D-01  1.207D+09
  292  293     1   232  con    0  1.0D+00  1.6D+04  2.006D-01  1.207D+09
  293  294     1   232  con    0  1.0D+00  2.7D+04  2.797D-01  1.207D+09
  294  295     1   232  con    0  1.0D+00  4.8D+03  1.385D-01  1.207D+09
  295  296     1   232  con    0  1.0D+00  2.3D+03  1.543D-01  1.207D+09
  296  297     1   232  con    0  1.0D+00  1.1D+04  1.986D-01  1.207D+09
  297  298     1   232  con    0  1.0D+00  2.0D+04  2.803D-01  1.207D+09
  298  299     1   232  con    0  1.0D+00  9.8D+03  1.582D-01  1.207D+09
  299  300     1   232  con    0  1.0D+00  1.6D+04  1.779D-01  1.207D+09
  300  301     1   232  con    0  1.0D+00  9.3D+03  1.683D-01  1.207D+09
  301  302     1   232  con    0  1.0D+00  1.9D+04  1.654D-01  1.207D+09
  302  303     1   232  con    0  1.0D+00  1.8D+04  3.065D-01  1.207D+09
  303  304     1   232  con    0  1.0D+00  4.0D+03  2.220D-01  1.207D+09
  304  305     1   232  con    0  1.0D+00  5.4D+03  1.579D-01  1.207D+09
  305  306     1   232  con    0  1.0D+00  9.9D+03  2.056D-01  1.207D+09
  306  307     1   232  con    0  1.0D+00  1.7D+04  1.486D-01  1.207D+09
  307  308     1   232  con    0  1.0D+00  2.7D+04  2.454D-01  1.207D+09
  308  309     1   232  con    0  1.0D+00  8.3D+03  1.591D-01  1.207D+09
  309  310     1   232  con    0  1.0D+00  6.6D+03  2.138D-01  1.207D+09
  310  311     1   232  con    0  1.0D+00  9.1D+03  1.375D-01  1.207D+09
  311  312     1   232  con    0  1.0D+00  1.6D+04  1.721D-01  1.207D+09
  312  313     1   232  con    0  1.0D+00  1.4D+04  1.233D-01  1.207D+09
  313  314     1   232  con    0  1.0D+00  1.2D+04  1.603D-01  1.207D+09
  314  315     1   232  con    0  1.0D+00  1.3D+04  1.571D-01  1.207D+09
  315  316     1   232  con    0  1.0D+00  9.1D+03  1.483D-01  1.207D+09
  316  317     1   232  con    0  1.0D+00  8.1D+03  1.504D-01  1.207D+09
  317  318     1   232  con    0  1.0D+00  1.4D+04  1.977D-01  1.207D+09
  318  319     1   232  con    0  1.0D+00  1.1D+04  2.133D-01  1.207D+09
  319  320     1   232  con    0  1.0D+00  8.8D+03  1.508D-01  1.207D+09
  320  321     1   232  con    0  1.0D+00  1.9D+04  2.517D-01  1.207D+09
  321  322     1   232  con    0  1.0D+00  1.3D+04  2.027D-01  1.207D+09
  322  323     1   232  con    0  1.0D+00  5.2D+03  1.979D-01  1.207D+09
  323  324     1   232  con    0  1.0D+00  1.4D+04  1.775D-01  1.207D+09
  324  325     1   232  con    0  1.0D+00  1.1D+04  1.690D-01  1.207D+09
  325  326     1   232  con    0  1.0D+00  7.0D+03  1.639D-01  1.207D+09
  326  327     1   232  con    0  1.0D+00  1.8D+04  1.928D-01  1.207D+09
  327  328     1   232  con    0  1.0D+00  1.2D+04  3.032D-01  1.207D+09
  328  329     1   232  con    0  1.0D+00  2.9D+03  2.355D-01  1.207D+09
  329  330     1   232  con    0  1.0D+00  1.2D+04  1.930D-01  1.207D+09
  330  331     1   232  con    0  1.0D+00  1.0D+04  1.608D-01  1.207D+09
  331  332     1   232  con    0  1.0D+00  1.3D+04  1.071D-01  1.207D+09
  332  333     1   232  con    0  1.0D+00  2.3D+04  2.295D-01  1.207D+09
  333  334     1   232  con    0  1.0D+00  1.3D+04  1.747D-01  1.207D+09
  334  335     1   232  con    0  1.0D+00  5.7D+03  1.560D-01  1.207D+09
  335  336     1   232  con    0  1.0D+00  9.0D+03  1.755D-01  1.207D+09
  336  337     1   232  con    0  1.0D+00  9.7D+03  1.448D-01  1.207D+09
  337  338     1   232  con    0  1.0D+00  1.2D+04  1.513D-01  1.207D+09
  338  339     1   232  con    0  1.0D+00  1.8D+04  1.328D-01  1.207D+09
  339  340     1   232  con    0  1.0D+00  1.5D+04  1.742D-01  1.207D+09
  340  341     1   232  con    0  1.0D+00  5.8D+03  1.279D-01  1.207D+09
  341  342     1   232  con    0  1.0D+00  6.9D+03  1.060D-01  1.207D+09
  342  343     1   232  con    0  1.0D+00  6.3D+03  1.369D-01  1.207D+09
  343  344     1   232  con    0  1.0D+00  8.3D+03  1.338D-01  1.207D+09
  344  345     1   232  con    0  1.0D+00  1.5D+04  1.503D-01  1.207D+09
  345  346     1   232  con    0  1.0D+00  8.8D+03  2.162D-01  1.207D+09
  346  347     1   232  con    0  1.0D+00  4.3D+03  1.751D-01  1.207D+09
  347  348     1   232  con    0  1.0D+00  8.3D+03  1.603D-01  1.207D+09
  348  349     1   232  con    0  1.0D+00  7.7D+03  1.594D-01  1.207D+09
  349  350     1   232  con    0  1.0D+00  6.3D+03  1.226D-01  1.207D+09
  350  351     1   232  con    0  1.0D+00  1.5D+04  1.679D-01  1.207D+09
  351  352     1   232  con    0  1.0D+00  1.1D+04  2.558D-01  1.207D+09
  352  353     1   232  con    0  1.0D+00  2.7D+03  1.852D-01  1.207D+09
  353  354     1   232  con    0  1.0D+00  9.1D+03  1.643D-01  1.207D+09
  354  355     1   232  con    0  1.0D+00  7.9D+03  2.382D-01  1.207D+09
  355  356     1   232  con    0  1.0D+00  6.6D+03  1.840D-01  1.207D+09
  356  357     1   232  con    0  1.0D+00  1.4D+04  1.146D-01  1.207D+09
  357  358     1   232  con    0  1.0D+00  1.1D+04  2.102D-01  1.207D+09
  358  359     1   232  con    0  1.0D+00  3.5D+03  1.731D-01  1.207D+09
  359  360     1   232  con    0  1.0D+00  5.7D+03  1.177D-01  1.207D+09
  360  361     1   232  con    0  1.0D+00  8.2D+03  1.899D-01  1.207D+09
  361  362     1   232  con    0  1.0D+00  7.5D+03  1.145D-01  1.207D+09
  362  363     1   232  con    0  1.0D+00  1.2D+04  1.584D-01  1.207D+09
  363  364     1   232  con    0  1.0D+00  7.9D+03  1.376D-01  1.207D+09
  364  365     1   232  con    0  1.0D+00  7.5D+03  8.632D-02  1.207D+09
  365  366     1   232  con    0  1.0D+00  1.2D+04  1.511D-01  1.207D+09
  366  367     1   232  con    0  1.0D+00  5.1D+03  1.031D-01  1.207D+09
  367  368     1   232  con    0  1.0D+00  3.8D+03  9.702D-02  1.207D+09
  368  369     1   232  con    0  1.0D+00  6.2D+03  8.858D-02  1.207D+09
  369  370     1   232  con    0  1.0D+00  9.2D+03  1.666D-01  1.207D+09
  370  371     1   232  con    0  1.0D+00  6.1D+03  1.066D-01  1.207D+09
  371  372     1   232  con    0  1.0D+00  7.9D+03  1.301D-01  1.207D+09
  372  373     1   232  con    0  1.0D+00  8.4D+03  2.491D-01  1.207D+09
  373  374     1   232  con    0  1.0D+00  2.7D+03  1.228D-01  1.207D+09
  374  375     1   232  con    0  1.0D+00  4.7D+03  1.551D-01  1.207D+09
  375  376     1   232  con    0  1.0D+00  4.9D+03  1.446D-01  1.207D+09
  376  377     1   232  con    0  1.0D+00  8.4D+03  8.592D-02  1.207D+09
  377  378     1   232  con    0  1.0D+00  1.2D+04  1.707D-01  1.207D+09
  378  379     1   232  con    0  1.0D+00  5.7D+03  1.096D-01  1.207D+09
  379  380     1   232  con    0  1.0D+00  2.8D+03  9.710D-02  1.207D+09
  380  381     1   232  con    0  1.0D+00  5.5D+03  1.304D-01  1.207D+09
  381  382     1   232  con    0  1.0D+00  8.2D+03  1.273D-01  1.207D+09
  382  383     1   232  con    0  1.0D+00  7.0D+03  1.166D-01  1.207D+09
  383  384     1   232  con    0  1.0D+00  7.3D+03  9.072D-02  1.207D+09
  384  385     1   232  con    0  1.0D+00  7.2D+03  1.512D-01  1.207D+09
  385  386     1   232  con    0  1.0D+00  4.5D+03  1.237D-01  1.207D+09
  386  387     1   232  con    0  1.0D+00  7.1D+03  8.674D-02  1.207D+09
  387  388     1   232  con    0  1.0D+00  7.4D+03  1.851D-01  1.207D+09
  388  389     1   232  con    0  1.0D+00  5.1D+03  9.341D-02  1.207D+09
  389  390     1   232  con    0  1.0D+00  6.2D+03  1.021D-01  1.207D+09
  390  391     1   232  con    0  1.0D+00  6.8D+03  1.392D-01  1.207D+09
  391  392     1   232  con    0  1.0D+00  5.4D+03  7.861D-02  1.207D+09
  392  393     1   232  con    0  1.0D+00  6.7D+03  8.142D-02  1.207D+09
  393  394     1   232  con    0  1.0D+00  1.0D+04  1.685D-01  1.207D+09
  394  395     1   232  con    0  1.0D+00  4.2D+03  9.823D-02  1.207D+09
  395  396     1   232  con    0  1.0D+00  4.6D+03  1.370D-01  1.207D+09
  396  397     1   232  con    0  1.0D+00  5.0D+03  1.197D-01  1.207D+09
  397  398     1   232  con    0  1.0D+00  6.9D+03  1.152D-01  1.207D+09
  398  399     1   232  con    0  1.0D+00  6.4D+03  1.181D-01  1.207D+09
  399  400     1   232  con    0  1.0D+00  4.9D+03  9.023D-02  1.207D+09
  400  401     1   232  con    0  1.0D+00  5.2D+03  1.012D-01  1.207D+09
  401  402     1   232  con    0  1.0D+00  3.9D+03  1.186D-01  1.207D+09
  402  403     1   232  con    0  1.0D+00  3.3D+03  8.526D-02  1.207D+09
  403  404     1   232  con    0  1.0D+00  4.9D+03  1.219D-01  1.207D+09
  404  405     1   232  con    0  1.0D+00  4.3D+03  7.144D-02  1.207D+09
  405  406     1   232  con    0  1.0D+00  4.2D+03  6.685D-02  1.207D+09
  406  407     1   232  con    0  1.0D+00  6.7D+03  1.302D-01  1.207D+09
  407  408     1   232  con    0  1.0D+00  4.0D+03  8.144D-02  1.207D+09
  408  409     1   232  con    0  1.0D+00  2.0D+03  1.063D-01  1.207D+09

CONVERGENCE: REL_REDUCTION_OF_F_<=_FACTR*EPSMCH             

 Total User time 0.000E+00 seconds.

RUNNING THE L-BFGS-B CODE

it    = iteration number
nf    = number of function evaluations
nseg  = number of segments explored during the Cauchy search
nact  = number of active bounds at the generalized Cauchy point
sub   = manner in which the subspace minimization terminated:
        con = converged, bnd = a bound was reached
itls  = number of iterations performed in the line search
stepl = step length used
tstep = norm of the displacement (total step)
projg = norm of the projected gradient
f     = function value

           * * *

Machine precision = 2.220D-16
 N =         8319     M =           10

   it   nf  nseg  nact  sub  itls  stepl    tstep     projg        f
    0    1     -     -   -     -     -        -     1.063D-01  1.207D+09
    1    2     1   232  ---    0  1.0D+00  3.6D-01  1.062D-01  1.207D+09

CONVERGENCE: REL_REDUCTION_OF_F_<=_FACTR*EPSMCH             

 Total User time 0.000E+00 seconds.

RUNNING THE L-BFGS-B CODE

it    = iteration number
nf    = number of function evaluations
nseg  = number of segments explored during the Cauchy search
nact  = number of active bounds at the generalized Cauchy point
sub   = manner in which the subspace minimization terminated:
        con = converged, bnd = a bound was reached
itls  = number of iterations performed in the line search
stepl = step length used
tstep = norm of the displacement (total step)
projg = norm of the projected gradient
f     = function value

           * * *

Machine precision = 2.220D-16
 N =         8319     M =           10

   it   nf  nseg  nact  sub  itls  stepl    tstep     projg        f
    0    1     -     -   -     -     -        -     2.328D+00  1.121D+09
    1    2     1   232  ---    0  1.0D+00  7.4D+00  2.328D+00  1.121D+09

CONVERGENCE: REL_REDUCTION_OF_F_<=_FACTR*EPSMCH             

 Total User time 0.000E+00 seconds.

RUNNING THE L-BFGS-B CODE

it    = iteration number
nf    = number of function evaluations
nseg  = number of segments explored during the Cauchy search
nact  = number of active bounds at the generalized Cauchy point
sub   = manner in which the subspace minimization terminated:
        con = converged, bnd = a bound was reached
itls  = number of iterations performed in the line search
stepl = step length used
tstep = norm of the displacement (total step)
projg = norm of the projected gradient
f     = function value

           * * *

Machine precision = 2.220D-16
 N =         8319     M =           10

   it   nf  nseg  nact  sub  itls  stepl    tstep     projg        f
    0    1     -     -   -     -     -        -     2.207D+00  1.081D+09
    1    2     1   232  ---    0  1.0D+00  9.3D+00  2.207D+00  1.081D+09

CONVERGENCE: REL_REDUCTION_OF_F_<=_FACTR*EPSMCH             

 Total User time 0.000E+00 seconds.

RUNNING THE L-BFGS-B CODE

it    = iteration number
nf    = number of function evaluations
nseg  = number of segments explored during the Cauchy search
nact  = number of active bounds at the generalized Cauchy point
sub   = manner in which the subspace minimization terminated:
        con = converged, bnd = a bound was reached
itls  = number of iterations performed in the line search
stepl = step length used
tstep = norm of the displacement (total step)
projg = norm of the projected gradient
f     = function value

           * * *

Machine precision = 2.220D-16
 N =         8319     M =           10

   it   nf  nseg  nact  sub  itls  stepl    tstep     projg        f
    0    1     -     -   -     -     -        -     1.970D+00  1.058D+09
    1    2     1   232  ---    0  1.0D+00  1.0D+01  1.970D+00  1.058D+09

CONVERGENCE: REL_REDUCTION_OF_F_<=_FACTR*EPSMCH             

 Total User time 0.000E+00 seconds.

RUNNING THE L-BFGS-B CODE

it    = iteration number
nf    = number of function evaluations
nseg  = number of segments explored during the Cauchy search
nact  = number of active bounds at the generalized Cauchy point
sub   = manner in which the subspace minimization terminated:
        con = converged, bnd = a bound was reached
itls  = number of iterations performed in the line search
stepl = step length used
tstep = norm of the displacement (total step)
projg = norm of the projected gradient
f     = function value

           * * *

Machine precision = 2.220D-16
 N =         8319     M =           10

   it   nf  nseg  nact  sub  itls  stepl    tstep     projg        f
    0    1     -     -   -     -     -        -     2.175D+00  1.049D+09
    1    2     1   232  ---    0  1.0D+00  1.1D+01  2.175D+00  1.049D+09
    2    3     6   237  con    0  1.0D+00  5.7D+06  1.117D+01  1.042D+09
    3    4     2   232  bnd    0  1.0D+00  1.3D+06  6.284D+00  1.022D+09
    4    5     1   232  con    0  1.0D+00  7.3D+05  3.614D+00  1.016D+09
    5    6     1   232  bnd    0  1.0D+00  6.9D+05  3.015D+00  1.011D+09
    6    7     1   232  bnd    0  1.0D+00  1.6D+06  3.432D+00  1.007D+09
    7    8     1   231  bnd    0  1.0D+00  1.4D+06  2.705D+00  1.003D+09
    8    9     1   229  con    0  1.0D+00  1.9D+06  2.558D+00  9.983D+08
    9   10     1   229  bnd    0  1.0D+00  9.9D+05  2.366D+00  9.949D+08
   10   11     1   229  con    0  1.0D+00  3.8D+05  2.794D+00  9.921D+08
   11   12     1   229  con    0  1.0D+00  6.3D+05  2.690D+00  9.892D+08
   12   13     1   229  con    0  1.0D+00  8.3D+05  2.922D+00  9.868D+08
   13   14     1   228  bnd    0  1.0D+00  1.1D+06  2.012D+00  9.842D+08
   14   15     1   228  bnd    0  1.0D+00  1.5D+06  1.951D+00  9.824D+08
   15   16     1   230  bnd    0  1.0D+00  2.1D+05  1.773D+00  9.806D+08
   16   17     1   231  con    0  1.0D+00  2.1D+05  1.245D+00  9.796D+08
   17   18     1   231  bnd    0  1.0D+00  2.8D+05  1.119D+00  9.787D+08
   18   19     1   232  con    0  1.0D+00  7.6D+05  1.173D+00  9.776D+08
   19   20     1   230  con    0  1.0D+00  5.1D+05  1.199D+00  9.768D+08
   20   21     1   230  con    0  1.0D+00  1.7D+05  1.003D+00  9.762D+08
   21   22     2   231  bnd    0  1.0D+00  3.1D+05  1.035D+00  9.756D+08
   22   23     1   232  bnd    0  1.0D+00  2.5D+05  9.874D-01  9.752D+08
   23   24     1   233  bnd    0  1.0D+00  2.2D+05  9.595D-01  9.748D+08
   24   25     1   234  bnd    0  1.0D+00  4.2D+05  1.128D+00  9.743D+08
   25   26     1   234  con    0  1.0D+00  2.0D+05  8.528D-01  9.739D+08
   26   27     1   234  con    0  1.0D+00  1.2D+05  7.756D-01  9.737D+08
   27   28     1   234  bnd    0  1.0D+00  3.3D+05  1.023D+00  9.732D+08
   28   29     1   234  con    0  1.0D+00  2.6D+05  8.552D-01  9.730D+08
   29   30     1   233  bnd    0  1.0D+00  1.1D+05  8.300D-01  9.728D+08
   30   31     1   233  con    0  1.0D+00  2.8D+05  7.193D-01  9.725D+08
   31   32     2   233  con    0  1.0D+00  1.7D+05  8.213D-01  9.723D+08
   32   33     1   233  con    0  1.0D+00  1.4D+05  7.632D-01  9.722D+08
   33   34     1   233  con    0  1.0D+00  2.9D+05  8.221D-01  9.719D+08
   34   35     1   233  con    0  1.0D+00  1.3D+05  8.032D-01  9.718D+08
   35   36     1   233  con    0  1.0D+00  5.9D+04  7.504D-01  9.717D+08
   36   37     1   233  con    0  1.0D+00  2.1D+05  6.263D-01  9.715D+08
   37   38     1   233  con    0  1.0D+00  1.8D+05  6.676D-01  9.714D+08
   38   39     1   233  con    0  1.0D+00  1.1D+05  5.628D-01  9.713D+08
   39   40     1   233  bnd    0  1.0D+00  2.7D+05  6.097D-01  9.711D+08
   40   41     1   233  bnd    0  1.0D+00  1.1D+05  7.729D-01  9.710D+08
   41   42     1   233  con    0  1.0D+00  4.6D+04  6.619D-01  9.710D+08
   42   43     1   233  con    0  1.0D+00  1.6D+05  7.229D-01  9.709D+08
   43   44     1   233  con    0  1.0D+00  1.1D+05  7.053D-01  9.708D+08
   44   45     1   232  con    0  1.0D+00  6.5D+04  6.240D-01  9.707D+08
   45   46     1   232  con    0  1.0D+00  1.9D+05  6.835D-01  9.707D+08
   46   47     1   232  con    0  1.0D+00  5.6D+04  5.322D-01  9.706D+08
   47   48     1   232  con    0  1.0D+00  3.2D+04  4.434D-01  9.706D+08
   48   49     1   232  con    0  1.0D+00  1.1D+05  4.215D-01  9.705D+08
   49   50     1   232  con    0  1.0D+00  9.9D+04  6.316D-01  9.705D+08
   50   51     1   232  con    0  1.0D+00  4.1D+04  4.334D-01  9.705D+08
   51   52     1   232  con    0  1.0D+00  8.8D+04  5.035D-01  9.704D+08
   52   53     1   232  con    0  1.0D+00  4.4D+04  3.762D-01  9.704D+08
   53   54     1   232  con    0  1.0D+00  6.4D+04  4.576D-01  9.704D+08
   54   55     1   232  con    0  1.0D+00  1.0D+05  4.801D-01  9.703D+08
   55   56     1   232  bnd    0  1.0D+00  7.1D+04  4.174D-01  9.703D+08
   56   57     1   233  con    0  1.0D+00  3.2D+04  3.102D-01  9.703D+08
   57   58     1   233  con    0  1.0D+00  4.8D+04  3.321D-01  9.703D+08
   58   59     1   233  con    0  1.0D+00  4.2D+04  4.234D-01  9.703D+08
   59   60     1   233  con    0  1.0D+00  4.9D+04  3.260D-01  9.703D+08
   60   61     1   233  con    0  1.0D+00  8.8D+04  3.925D-01  9.702D+08
   61   62     1   233  con    0  1.0D+00  4.3D+04  3.954D-01  9.702D+08
   62   63     1   233  con    0  1.0D+00  2.3D+04  3.799D-01  9.702D+08
   63   64     1   233  bnd    0  1.0D+00  4.5D+04  2.898D-01  9.702D+08
   64   65     1   233  bnd    0  1.0D+00  4.3D+04  4.335D-01  9.702D+08
   65   66     1   233  con    0  1.0D+00  3.0D+04  2.386D-01  9.702D+08
   66   67     1   233  con    0  1.0D+00  6.2D+04  4.069D-01  9.702D+08
   67   68     1   233  con    0  1.0D+00  2.6D+04  2.705D-01  9.702D+08
   68   69     1   233  con    0  1.0D+00  2.2D+04  3.404D-01  9.702D+08
   69   70     1   233  con    0  1.0D+00  5.4D+04  3.202D-01  9.701D+08
   70   71     1   233  con    0  1.0D+00  4.6D+04  4.015D-01  9.701D+08
   71   72     1   232  con    0  1.0D+00  2.0D+04  3.760D-01  9.701D+08
   72   73     1   232  con    0  1.0D+00  4.8D+04  3.135D-01  9.701D+08
   73   74     1   232  con    0  1.0D+00  4.6D+04  4.339D-01  9.701D+08
   74   75     1   232  con    0  1.0D+00  3.9D+04  3.954D-01  9.701D+08
   75   76     1   232  con    0  1.0D+00  8.2D+04  2.522D-01  9.701D+08
   76   77     1   232  con    0  1.0D+00  5.3D+04  5.115D-01  9.701D+08
   77   78     1   232  con    0  1.0D+00  1.9D+04  4.496D-01  9.700D+08
   78   79     1   232  con    0  1.0D+00  7.7D+04  3.125D-01  9.700D+08
   79   80     1   232  con    0  1.0D+00  6.7D+04  4.714D-01  9.700D+08
   80   81     1   232  con    0  1.0D+00  4.5D+04  4.353D-01  9.700D+08
   81   82     1   232  con    0  1.0D+00  1.2D+05  3.855D-01  9.700D+08
   82   83     1   232  con    0  1.0D+00  6.6D+04  3.487D-01  9.700D+08
   83   84     1   232  con    0  1.0D+00  4.5D+04  3.616D-01  9.700D+08
   84   85     1   232  con    0  1.0D+00  1.2D+05  3.817D-01  9.699D+08
   85   86     1   232  con    0  1.0D+00  7.4D+04  4.395D-01  9.699D+08
   86   87     1   232  con    0  1.0D+00  2.2D+04  3.373D-01  9.699D+08
   87   88     1   232  bnd    0  1.0D+00  8.9D+04  3.383D-01  9.699D+08
   88   89     1   233  bnd    0  1.0D+00  8.8D+04  5.588D-01  9.699D+08
   89   90     1   233  bnd    0  1.0D+00  5.7D+04  5.098D-01  9.699D+08
   90   91     1   233  con    0  1.0D+00  1.5D+05  3.794D-01  9.699D+08
   91   92     1   233  con    0  1.0D+00  3.7D+04  3.412D-01  9.698D+08
   92   93     1   233  con    0  1.0D+00  1.8D+04  3.386D-01  9.698D+08
   93   94     1   233  con    0  1.0D+00  7.7D+04  4.492D-01  9.698D+08
   94   95     1   233  con    0  1.0D+00  7.2D+04  3.267D-01  9.698D+08
   95   96     1   233  con    0  1.0D+00  3.5D+04  3.056D-01  9.698D+08
   96   97     1   233  con    0  1.0D+00  9.6D+04  3.680D-01  9.698D+08
   97   98     1   233  bnd    0  1.0D+00  5.4D+04  3.323D-01  9.698D+08
   98   99     1   234  con    0  1.0D+00  5.3D+04  3.243D-01  9.698D+08
   99  100     1   233  con    0  1.0D+00  1.1D+05  4.661D-01  9.698D+08
  100  101     1   233  con    0  1.0D+00  3.9D+04  2.689D-01  9.697D+08
  101  102     1   233  con    0  1.0D+00  2.2D+04  2.994D-01  9.697D+08
  102  103     1   233  con    0  1.0D+00  5.5D+04  3.287D-01  9.697D+08
  103  104     1   233  con    0  1.0D+00  6.9D+04  3.312D-01  9.697D+08
  104  105     1   233  con    0  1.0D+00  3.9D+04  2.048D-01  9.697D+08
  105  106     1   233  con    0  1.0D+00  6.9D+04  2.713D-01  9.697D+08
  106  107     1   233  con    0  1.0D+00  4.3D+04  3.391D-01  9.697D+08
  107  108     1   233  con    0  1.0D+00  4.0D+04  3.157D-01  9.697D+08
  108  109     1   233  con    0  1.0D+00  8.3D+04  3.395D-01  9.697D+08
  109  110     1   233  con    0  1.0D+00  3.8D+04  2.713D-01  9.697D+08
  110  111     1   233  con    0  1.0D+00  2.0D+04  2.997D-01  9.697D+08
  111  112     1   233  con    0  1.0D+00  4.6D+04  2.981D-01  9.697D+08
  112  113     1   233  con    0  1.0D+00  6.2D+04  3.666D-01  9.697D+08
  113  114     1   233  con    0  1.0D+00  4.2D+04  2.484D-01  9.696D+08
  114  115     1   233  con    0  1.0D+00  7.4D+04  2.517D-01  9.696D+08
  115  116     1   233  con    0  1.0D+00  5.9D+04  3.491D-01  9.696D+08
  116  117     1   233  con    0  1.0D+00  3.3D+04  2.858D-01  9.696D+08
  117  118     1   233  con    0  1.0D+00  7.0D+04  3.299D-01  9.696D+08
  118  119     1   233  con    0  1.0D+00  3.7D+04  3.322D-01  9.696D+08
  119  120     1   233  con    0  1.0D+00  2.0D+04  3.139D-01  9.696D+08
  120  121     1   232  con    0  1.0D+00  6.5D+04  4.002D-01  9.696D+08
  121  122     1   232  con    0  1.0D+00  4.3D+04  2.740D-01  9.696D+08
  122  123     1   232  con    0  1.0D+00  3.5D+04  3.596D-01  9.696D+08
  123  124     1   232  con    0  1.0D+00  6.9D+04  3.767D-01  9.696D+08
  124  125     1   232  bnd    0  1.0D+00  5.3D+04  3.567D-01  9.696D+08
  125  126     1   232  con    0  1.0D+00  1.8D+04  2.726D-01  9.696D+08
  126  127     1   232  con    0  1.0D+00  4.0D+04  3.041D-01  9.696D+08
  127  128     1   232  con    0  1.0D+00  4.1D+04  3.136D-01  9.696D+08
  128  129     1   232  con    0  1.0D+00  3.5D+04  2.093D-01  9.695D+08
  129  130     1   232  con    0  1.0D+00  6.4D+04  3.243D-01  9.695D+08
  130  131     2   233  con    0  1.0D+00  3.0D+04  2.480D-01  9.695D+08
  131  132     1   233  con    0  1.0D+00  2.0D+04  2.561D-01  9.695D+08
  132  133     1   233  con    0  1.0D+00  5.6D+04  3.822D-01  9.695D+08
  133  134     1   233  con    0  1.0D+00  4.7D+04  3.970D-01  9.695D+08
  134  135     1   233  con    0  1.0D+00  1.5D+04  2.680D-01  9.695D+08
  135  136     1   233  con    0  1.0D+00  4.5D+04  3.287D-01  9.695D+08
  136  137     1   233  con    0  1.0D+00  3.9D+04  2.091D-01  9.695D+08
  137  138     1   233  con    0  1.0D+00  6.5D+04  2.842D-01  9.695D+08
  138  139     1   233  con    0  1.0D+00  6.4D+04  3.444D-01  9.695D+08
  139  140     1   233  con    0  1.0D+00  4.0D+04  2.954D-01  9.695D+08
  140  141     1   233  con    0  1.0D+00  4.2D+04  2.226D-01  9.695D+08
  141  142     1   233  con    0  1.0D+00  3.5D+04  1.895D-01  9.695D+08
  142  143     1   233  con    0  1.0D+00  4.8D+04  2.637D-01  9.695D+08
  143  144     1   233  con    0  1.0D+00  6.3D+04  2.214D-01  9.695D+08
  144  145     1   232  con    0  1.0D+00  6.1D+04  1.958D-01  9.695D+08
  145  146     1   232  con    0  1.0D+00  6.8D+04  2.125D-01  9.695D+08
  146  147     1   232  con    0  1.0D+00  5.7D+04  2.626D-01  9.695D+08
  147  148     1   232  con    0  1.0D+00  3.6D+04  1.606D-01  9.694D+08
  148  149     1   232  con    0  1.0D+00  4.5D+04  2.375D-01  9.694D+08
  149  150     1   232  con    0  1.0D+00  4.7D+04  3.031D-01  9.694D+08
  150  151     1   232  con    0  1.0D+00  2.8D+04  2.012D-01  9.694D+08
  151  152     1   232  con    0  1.0D+00  4.2D+04  2.515D-01  9.694D+08
  152  153     1   232  con    0  1.0D+00  3.3D+04  2.480D-01  9.694D+08
  153  154     1   232  con    0  1.0D+00  3.0D+04  1.694D-01  9.694D+08
  154  155     1   232  con    0  1.0D+00  5.5D+04  2.680D-01  9.694D+08
  155  156     1   232  con    0  1.0D+00  1.7D+04  2.096D-01  9.694D+08
  156  157     1   232  con    0  1.0D+00  5.7D+03  1.776D-01  9.694D+08
  157  158     1   232  bnd    0  1.0D+00  2.1D+04  2.213D-01  9.694D+08
  158  159     1   233  con    0  1.0D+00  3.3D+04  3.455D-01  9.694D+08
  159  160     1   233  con    0  1.0D+00  1.8D+04  2.525D-01  9.694D+08
  160  161     1   233  con    0  1.0D+00  4.0D+04  2.685D-01  9.694D+08
  161  162     1   233  con    0  1.0D+00  2.0D+04  1.985D-01  9.694D+08
  162  163     1   233  con    0  1.0D+00  1.8D+04  1.779D-01  9.694D+08
  163  164     1   233  con    0  1.0D+00  2.1D+04  1.920D-01  9.694D+08
  164  165     1   233  con    0  1.0D+00  1.5D+04  2.225D-01  9.694D+08
  165  166     1   233  con    0  1.0D+00  1.3D+04  1.273D-01  9.694D+08
  166  167     1   233  con    0  1.0D+00  3.2D+04  1.630D-01  9.694D+08
  167  168     1   233  con    0  1.0D+00  4.1D+04  2.990D-01  9.694D+08
  168  169     1   233  con    0  1.0D+00  2.3D+04  1.509D-01  9.694D+08
  169  170     1   233  con    0  1.0D+00  3.1D+04  1.778D-01  9.694D+08
  170  171     1   233  con    0  1.0D+00  2.9D+04  2.218D-01  9.694D+08
  171  172     1   233  con    0  1.0D+00  2.9D+04  2.057D-01  9.694D+08
  172  173     1   233  con    0  1.0D+00  4.8D+04  2.690D-01  9.694D+08
  173  174     1   232  bnd    0  1.0D+00  1.4D+04  1.746D-01  9.694D+08
  174  175     1   232  con    0  1.0D+00  7.5D+03  2.235D-01  9.694D+08
  175  176     1   232  con    0  1.0D+00  2.6D+04  1.971D-01  9.694D+08
  176  177     1   232  con    0  1.0D+00  4.1D+04  2.829D-01  9.694D+08
  177  178     1   232  con    0  1.0D+00  1.9D+04  2.115D-01  9.694D+08
  178  179     1   232  con    0  1.0D+00  3.9D+04  2.857D-01  9.694D+08
  179  180     1   232  con    0  1.0D+00  2.7D+04  2.172D-01  9.694D+08
  180  181     1   232  con    0  1.0D+00  3.6D+04  1.804D-01  9.694D+08
  181  182     1   232  con    0  1.0D+00  3.5D+04  2.401D-01  9.694D+08
  182  183     1   232  con    0  1.0D+00  1.7D+04  1.803D-01  9.694D+08
  183  184     1   232  bnd    0  1.0D+00  1.7D+04  1.565D-01  9.694D+08
  184  185     1   233  bnd    0  1.0D+00  2.9D+04  2.482D-01  9.694D+08
  185  186     1   233  bnd    0  1.0D+00  3.1D+04  1.843D-01  9.694D+08
  186  187     1   233  con    0  1.0D+00  4.0D+04  1.821D-01  9.694D+08
  187  188     1   233  con    0  1.0D+00  4.1D+04  1.724D-01  9.694D+08
  188  189     1   233  con    0  1.0D+00  2.8D+04  1.581D-01  9.693D+08
  189  190     1   233  con    0  1.0D+00  3.2D+04  1.702D-01  9.693D+08
  190  191     1   233  con    0  1.0D+00  2.7D+04  2.269D-01  9.693D+08
  191  192     1   233  con    0  1.0D+00  1.8D+04  2.219D-01  9.693D+08
  192  193     1   233  con    0  1.0D+00  2.5D+04  1.256D-01  9.693D+08
  193  194     1   233  con    0  1.0D+00  3.4D+04  2.605D-01  9.693D+08
  194  195     1   232  con    0  1.0D+00  2.6D+04  1.615D-01  9.693D+08
  195  196     1   232  con    0  1.0D+00  2.2D+04  1.843D-01  9.693D+08
  196  197     1   232  con    0  1.0D+00  2.2D+04  1.576D-01  9.693D+08
  197  198     1   232  con    0  1.0D+00  1.6D+04  1.724D-01  9.693D+08
  198  199     1   232  con    0  1.0D+00  2.3D+04  1.693D-01  9.693D+08
  199  200     1   232  con    0  1.0D+00  2.0D+04  1.810D-01  9.693D+08
  200  201     1   232  con    0  1.0D+00  8.1D+03  1.130D-01  9.693D+08
  201  202     1   232  con    0  1.0D+00  1.8D+04  2.090D-01  9.693D+08
  202  203     1   232  con    0  1.0D+00  1.7D+04  1.498D-01  9.693D+08
  203  204     1   232  con    0  1.0D+00  1.4D+04  1.448D-01  9.693D+08
  204  205     1   232  bnd    0  1.0D+00  2.7D+04  1.612D-01  9.693D+08
  205  206     1   233  con    0  1.0D+00  1.7D+04  1.690D-01  9.693D+08
  206  207     1   233  con    0  1.0D+00  1.3D+04  2.009D-01  9.693D+08
  207  208     1   233  con    0  1.0D+00  1.5D+04  1.516D-01  9.693D+08
  208  209     1   233  con    0  1.0D+00  8.7D+03  1.350D-01  9.693D+08
  209  210     1   233  con    0  1.0D+00  1.1D+04  1.719D-01  9.693D+08
  210  211     1   233  con    0  1.0D+00  2.0D+04  1.904D-01  9.693D+08
  211  212     1   233  con    0  1.0D+00  2.2D+04  1.664D-01  9.693D+08
  212  213     1   233  con    0  1.0D+00  1.5D+04  1.118D-01  9.693D+08
  213  214     1   233  con    0  1.0D+00  1.7D+04  1.429D-01  9.693D+08
  214  215     1   233  con    0  1.0D+00  2.0D+04  1.966D-01  9.693D+08
  215  216     1   233  con    0  1.0D+00  1.8D+04  1.573D-01  9.693D+08
  216  217     1   233  con    0  1.0D+00  1.7D+04  1.312D-01  9.693D+08
  217  218     1   233  con    0  1.0D+00  1.7D+04  1.607D-01  9.693D+08
  218  219     1   233  con    0  1.0D+00  1.2D+04  1.393D-01  9.693D+08
  219  220     1   233  con    0  1.0D+00  2.1D+04  1.331D-01  9.693D+08
  220  221     1   233  con    0  1.0D+00  2.2D+04  2.442D-01  9.693D+08
  221  222     1   233  con    0  1.0D+00  8.0D+03  1.307D-01  9.693D+08
  222  223     1   232  con    0  1.0D+00  1.6D+04  1.811D-01  9.693D+08
  223  224     1   232  con    0  1.0D+00  1.6D+04  1.412D-01  9.693D+08
  224  225     1   232  con    0  1.0D+00  2.1D+04  1.097D-01  9.693D+08
  225  226     1   232  con    0  1.0D+00  2.2D+04  8.293D-02  9.693D+08
  226  227     1   232  con    0  1.0D+00  1.4D+04  1.619D-01  9.693D+08
  227  228     1   232  con    0  1.0D+00  8.6D+03  1.001D-01  9.693D+08
  228  229     1   232  con    0  1.0D+00  1.2D+04  1.335D-01  9.693D+08
  229  230     1   232  con    0  1.0D+00  1.4D+04  1.328D-01  9.693D+08
  230  231     1   232  con    0  1.0D+00  1.5D+04  1.431D-01  9.693D+08
  231  232     1   232  con    0  1.0D+00  1.9D+04  1.023D-01  9.693D+08
  232  233     1   232  con    0  1.0D+00  1.5D+04  1.551D-01  9.693D+08
  233  234     1   232  con    0  1.0D+00  6.8D+03  1.091D-01  9.693D+08
  234  235     1   232  con    0  1.0D+00  9.3D+03  1.317D-01  9.693D+08
  235  236     1   232  bnd    0  1.0D+00  1.1D+04  1.405D-01  9.693D+08
  236  237     1   233  con    0  1.0D+00  1.4D+04  1.114D-01  9.693D+08
  237  238     1   233  con    0  1.0D+00  1.9D+04  1.306D-01  9.693D+08
  238  239     1   233  con    0  1.0D+00  1.2D+04  1.464D-01  9.693D+08
  239  240     1   233  con    0  1.0D+00  5.7D+03  1.130D-01  9.693D+08
  240  241     1   233  con    0  1.0D+00  1.1D+04  9.785D-02  9.693D+08
  241  242     1   233  con    0  1.0D+00  1.3D+04  1.480D-01  9.693D+08
  242  243     1   233  con    0  1.0D+00  8.8D+03  1.217D-01  9.693D+08
  243  244     1   233  con    0  1.0D+00  2.2D+04  1.595D-01  9.693D+08
  244  245     1   233  con    0  1.0D+00  9.8D+03  1.507D-01  9.693D+08
  245  246     1   233  con    0  1.0D+00  3.3D+03  1.221D-01  9.693D+08
  246  247     1   233  con    0  1.0D+00  1.2D+04  1.035D-01  9.693D+08
  247  248     1   233  con    0  1.0D+00  9.7D+03  1.662D-01  9.693D+08
  248  249     1   233  con    0  1.0D+00  8.4D+03  1.011D-01  9.693D+08
  249  250     1   233  con    0  1.0D+00  2.4D+04  1.548D-01  9.693D+08
  250  251     1   233  con    0  1.0D+00  7.4D+03  1.447D-01  9.693D+08
  251  252     1   233  con    0  1.0D+00  9.1D+02  1.229D-01  9.693D+08
  252  253     1   233  con    0  1.0D+00  7.4D+03  9.237D-02  9.693D+08
  253  254     1   233  con    0  1.0D+00  1.0D+04  1.191D-01  9.693D+08
  254  255     1   233  con    0  1.0D+00  1.2D+04  1.278D-01  9.693D+08
  255  256     1   233  con    0  1.0D+00  2.5D+04  1.395D-01  9.693D+08
  256  257     1   233  con    0  1.0D+00  6.3D+03  9.106D-02  9.693D+08
  257  258     1   233  con    0  1.0D+00  2.2D+03  1.253D-01  9.693D+08
  258  259     1   233  con    0  1.0D+00  8.9D+03  1.926D-01  9.693D+08
  259  260     1   233  con    0  1.0D+00  1.2D+04  1.268D-01  9.693D+08
  260  261     1   233  con    0  1.0D+00  1.2D+04  1.199D-01  9.693D+08
  261  262     1   233  con    0  1.0D+00  1.5D+04  1.066D-01  9.693D+08
  262  263     1   233  con    0  1.0D+00  1.9D+04  1.390D-01  9.693D+08
  263  264     1   233  con    0  1.0D+00  1.7D+04  1.088D-01  9.693D+08
  264  265     1   233  con    0  1.0D+00  6.7D+03  8.866D-02  9.693D+08
  265  266     1   233  con    0  1.0D+00  4.9D+03  1.462D-01  9.693D+08
  266  267     1   233  con    0  1.0D+00  2.1D+03  7.806D-02  9.693D+08
  267  268     1   233  con    0  1.0D+00  5.2D+03  1.410D-01  9.693D+08
  268  269     1   233  bnd    0  1.0D+00  1.3D+04  1.457D-01  9.693D+08
  269  270     1   234  con    0  1.0D+00  1.2D+04  1.215D-01  9.693D+08
  270  271     1   234  con    0  1.0D+00  5.6D+03  7.860D-02  9.693D+08
  271  272     1   234  con    0  1.0D+00  7.5D+03  9.128D-02  9.693D+08
  272  273     1   234  con    0  1.0D+00  6.3D+03  1.112D-01  9.693D+08
  273  274     1   234  con    0  1.0D+00  7.9D+03  8.423D-02  9.693D+08
  274  275     1   234  con    0  1.0D+00  9.2D+03  1.051D-01  9.693D+08
  275  276     1   234  con    0  1.0D+00  4.1D+03  8.405D-02  9.693D+08
  276  277     1   234  con    0  1.0D+00  2.6D+03  7.271D-02  9.693D+08
  277  278     1   234  con    0  1.0D+00  5.8D+03  1.201D-01  9.693D+08
  278  279     1   234  con    0  1.0D+00  7.4D+03  8.706D-02  9.693D+08
  279  280     1   234  con    0  1.0D+00  6.5D+03  1.001D-01  9.693D+08
  280  281     1   234  con    0  1.0D+00  1.3D+04  1.147D-01  9.693D+08
  281  282     1   234  con    0  1.0D+00  9.8D+03  1.751D-01  9.693D+08
  282  283     1   234  con    0  1.0D+00  7.7D+02  1.099D-01  9.693D+08
  283  284     1   234  con    0  1.0D+00  1.8D+03  1.180D-01  9.693D+08
  284  285     1   234  con    0  1.0D+00  2.9D+03  8.688D-02  9.693D+08

CONVERGENCE: REL_REDUCTION_OF_F_<=_FACTR*EPSMCH             

 Total User time 0.000E+00 seconds.

RUNNING THE L-BFGS-B CODE

it    = iteration number
nf    = number of function evaluations
nseg  = number of segments explored during the Cauchy search
nact  = number of active bounds at the generalized Cauchy point
sub   = manner in which the subspace minimization terminated:
        con = converged, bnd = a bound was reached
itls  = number of iterations performed in the line search
stepl = step length used
tstep = norm of the displacement (total step)
projg = norm of the projected gradient
f     = function value

           * * *

Machine precision = 2.220D-16
 N =         8319     M =           10

   it   nf  nseg  nact  sub  itls  stepl    tstep     projg        f
    0    1     -     -   -     -     -        -     8.688D-02  9.693D+08
    1    2     1   234  ---    0  1.0D+00  2.4D-01  8.681D-02  9.693D+08

CONVERGENCE: REL_REDUCTION_OF_F_<=_FACTR*EPSMCH             

 Total User time 0.000E+00 seconds.

RUNNING THE L-BFGS-B CODE

it    = iteration number
nf    = number of function evaluations
nseg  = number of segments explored during the Cauchy search
nact  = number of active bounds at the generalized Cauchy point
sub   = manner in which the subspace minimization terminated:
        con = converged, bnd = a bound was reached
itls  = number of iterations performed in the line search
stepl = step length used
tstep = norm of the displacement (total step)
projg = norm of the projected gradient
f     = function value

           * * *

Machine precision = 2.220D-16
 N =         8319     M =           10

   it   nf  nseg  nact  sub  itls  stepl    tstep     projg        f
    0    1     -     -   -     -     -        -     5.388D+02  3.027D+09
    1    2     1   234  ---    0  1.0D+00  5.5D+02  5.388D+02  3.026D+09
    2    3     2   235  con    0  1.0D+00  6.0D+06  1.689D+02  1.110D+09
    3    5     1   234  con    1  3.5D-01  4.6D+05  4.174D+01  1.058D+09
    4    7     1   234  con    1  2.4D-01  3.4D+04  2.169D+01  1.057D+09
    5    8     1   234  con    0  1.0D+00  2.7D+04  1.952D+01  1.056D+09
    6    9     1   234  con    0  1.0D+00  2.0D+05  3.800D+01  1.054D+09
    7   10     1   234  con    0  1.0D+00  2.8D+04  1.722D+01  1.054D+09
    8   12     1   234  con    1  3.9D-01  1.2D+04  9.857D+00  1.054D+09
    9   13     1   234  con    0  1.0D+00  8.7D+03  8.745D+00  1.054D+09
   10   14     1   234  con    0  1.0D+00  4.2D+04  7.082D+00  1.053D+09
   11   15     1   234  con    0  1.0D+00  1.9D+05  2.717D+01  1.053D+09
   12   16     1   234  bnd    0  1.0D+00  2.8D+05  3.517D+01  1.051D+09
   13   17     1   235  con    0  1.0D+00  7.7D+04  2.777D+01  1.050D+09
   14   18     1   235  con    0  1.0D+00  3.5D+05  2.759D+01  1.050D+09
   15   19     1   235  con    0  1.0D+00  1.9D+04  2.174D+01  1.049D+09
   16   21     1   235  con    1  4.9D-01  1.5D+04  7.950D+00  1.049D+09
   17   22     1   235  con    0  1.0D+00  6.1D+04  2.070D+01  1.049D+09
   18   23     1   235  con    0  1.0D+00  6.0D+04  3.295D+00  1.049D+09
   19   24     1   235  con    0  1.0D+00  5.4D+04  3.009D+00  1.049D+09
   20   25     1   235  con    0  1.0D+00  4.8D+04  2.507D+00  1.049D+09
   21   26     1   235  bnd    0  1.0D+00  4.5D+04  2.835D+00  1.049D+09
   22   27     1   236  con    0  1.0D+00  8.0D+04  7.752D+00  1.049D+09
   23   28     1   236  con    0  1.0D+00  1.7D+05  1.105D+01  1.048D+09
   24   29     1   236  con    0  1.0D+00  2.9D+05  1.579D+01  1.048D+09
   25   30     1   236  bnd    0  1.0D+00  1.1D+05  2.601D+00  1.048D+09
   26   31     1   236  con    0  1.0D+00  9.1D+04  3.321D+00  1.048D+09
   27   32     1   236  bnd    0  1.0D+00  3.7D+04  5.631D+00  1.048D+09
   28   33     1   237  con    0  1.0D+00  5.3D+04  6.000D+00  1.048D+09
   29   34     1   237  con    0  1.0D+00  2.0D+05  2.504D+01  1.047D+09
   30   35     1   237  con    0  1.0D+00  2.2D+04  1.536D+01  1.047D+09
   31   36     1   237  con    0  1.0D+00  4.4D+04  1.004D+01  1.047D+09
   32   37     1   237  con    0  1.0D+00  3.9D+04  5.518D+00  1.047D+09
   33   38     1   237  con    0  1.0D+00  7.2D+04  1.609D+01  1.047D+09
   34   39     1   237  con    0  1.0D+00  4.2D+03  2.557D+00  1.047D+09
   35   40     1   237  con    0  1.0D+00  1.4D+04  2.274D+00  1.047D+09
   36   41     1   237  con    0  1.0D+00  8.1D+04  2.622D+00  1.047D+09
   37   42     1   237  con    0  1.0D+00  4.9D+04  3.899D+00  1.047D+09
   38   43     1   237  con    0  1.0D+00  1.3D+05  4.884D+00  1.047D+09
   39   45     1   237  con    1  3.6D-01  4.4D+04  3.735D+00  1.047D+09
   40   46     1   237  con    0  1.0D+00  6.4D+04  2.928D+00  1.047D+09
   41   47     1   237  con    0  1.0D+00  2.5D+05  1.268D+01  1.047D+09
   42   48     1   237  con    0  1.0D+00  3.5D+04  2.525D+00  1.047D+09
   43   49     1   237  con    0  1.0D+00  3.2D+04  1.451D+00  1.047D+09
   44   50     1   237  con    0  1.0D+00  2.9D+04  1.290D+00  1.047D+09
   45   51     1   237  con    0  1.0D+00  1.1D+05  1.935D+00  1.046D+09
   46   53     1   237  con    1  2.2D-01  1.2D+05  6.695D+00  1.046D+09
   47   54     1   237  con    0  1.0D+00  2.3D+04  5.526D+00  1.046D+09
   48   55     1   237  con    0  1.0D+00  9.0D+04  8.473D-01  1.046D+09
   49   56     1   237  con    0  1.0D+00  7.9D+04  6.154D+00  1.046D+09
   50   57     1   237  con    0  1.0D+00  8.0D+04  2.581D+00  1.046D+09
   51   58     1   237  con    0  1.0D+00  1.6D+04  9.925D-01  1.046D+09
   52   59     1   237  con    0  1.0D+00  2.9D+04  8.477D-01  1.046D+09
   53   60     1   237  con    0  1.0D+00  1.8D+05  1.345D+01  1.046D+09
   54   61     1   237  con    0  1.0D+00  2.1D+04  8.256D-01  1.046D+09
   55   62     1   237  con    0  1.0D+00  1.7D+04  7.025D-01  1.046D+09
   56   63     1   237  con    0  1.0D+00  4.1D+04  1.935D+00  1.046D+09
   57   64     1   237  con    0  1.0D+00  7.7D+04  1.904D+00  1.046D+09
   58   65     1   237  con    0  1.0D+00  9.9D+04  1.591D+00  1.046D+09
   59   66     1   237  con    0  1.0D+00  1.2D+05  5.556D+00  1.046D+09
   60   67     1   237  con    0  1.0D+00  3.4D+04  2.425D+00  1.046D+09
   61   68     1   237  con    0  1.0D+00  2.8D+04  8.793D-01  1.046D+09
   62   69     1   237  con    0  1.0D+00  5.8D+04  1.491D+00  1.046D+09
   63   70     1   237  con    0  1.0D+00  6.6D+04  2.805D+00  1.046D+09
   64   71     1   237  con    0  1.0D+00  8.9D+04  1.226D+00  1.046D+09
   65   73     1   236  con    1  2.9D-01  5.7D+04  7.425D+00  1.046D+09
   66   74     1   236  con    0  1.0D+00  2.4D+04  4.515D+00  1.046D+09
   67   75     1   236  con    0  1.0D+00  2.6D+04  7.104D-01  1.046D+09
   68   76     1   236  con    0  1.0D+00  2.8D+04  3.474D+00  1.046D+09
   69   77     1   236  con    0  1.0D+00  2.4D+04  6.242D-01  1.046D+09
   70   78     1   236  con    0  1.0D+00  2.2D+04  2.001D+00  1.046D+09
   71   79     1   236  con    0  1.0D+00  1.9D+04  8.357D-01  1.046D+09
   72   80     1   236  con    0  1.0D+00  2.2D+04  1.881D+00  1.046D+09
   73   81     1   236  con    0  1.0D+00  3.4D+04  1.580D+00  1.046D+09
   74   82     1   236  con    0  1.0D+00  5.0D+04  1.728D+00  1.046D+09
   75   83     1   236  con    0  1.0D+00  4.2D+04  4.365D-01  1.046D+09
   76   84     1   236  con    0  1.0D+00  2.2D+04  1.615D+00  1.046D+09
   77   85     1   236  con    0  1.0D+00  2.4D+04  8.133D-01  1.046D+09
   78   86     1   236  con    0  1.0D+00  3.8D+04  2.379D+00  1.046D+09
   79   87     1   236  con    0  1.0D+00  4.0D+04  4.680D+00  1.046D+09
   80   88     1   236  con    0  1.0D+00  8.3D+03  1.708D+00  1.046D+09
   81   89     1   236  con    0  1.0D+00  4.7D+03  1.830D+00  1.046D+09
   82   90     1   236  con    0  1.0D+00  3.7D+03  1.609D+00  1.046D+09
   83   91     1   236  con    0  1.0D+00  2.0D+04  7.027D-01  1.045D+09
   84   92     1   236  con    0  1.0D+00  5.6D+04  9.916D-01  1.045D+09
   85   94     1   236  con    1  2.8D-01  2.5D+04  1.471D+00  1.045D+09
   86   95     1   236  con    0  1.0D+00  5.8D+03  1.105D+00  1.045D+09
   87   96     1   236  con    0  1.0D+00  2.2D+04  3.383D-01  1.045D+09
   88   97     1   236  con    0  1.0D+00  1.6D+04  4.517D-01  1.045D+09
   89   98     1   236  con    0  1.0D+00  6.9D+04  1.654D+00  1.045D+09
   90   99     1   236  con    0  1.0D+00  1.5D+04  2.276D+00  1.045D+09
   91  100     1   236  con    0  1.0D+00  7.8D+03  1.136D+00  1.045D+09
   92  101     1   236  con    0  1.0D+00  4.8D+03  8.062D-01  1.045D+09
   93  102     1   236  con    0  1.0D+00  7.0D+03  1.047D+00  1.045D+09
   94  103     1   236  con    0  1.0D+00  2.3D+04  2.683D-01  1.045D+09
   95  104     1   236  con    0  1.0D+00  4.3D+04  3.410D+00  1.045D+09
   96  105     1   236  con    0  1.0D+00  5.4D+03  2.961D-01  1.045D+09
   97  106     1   236  con    0  1.0D+00  3.2D+03  6.111D-01  1.045D+09
   98  107     1   236  con    0  1.0D+00  7.6D+03  1.197D+00  1.045D+09
   99  108     1   236  con    0  1.0D+00  1.8D+04  1.257D+00  1.045D+09
  100  109     1   236  con    0  1.0D+00  3.1D+04  1.662D+00  1.045D+09
  101  111     1   236  con    1  4.8D-01  2.0D+04  8.618D-01  1.045D+09
  102  112     1   236  con    0  1.0D+00  1.3D+04  8.921D-01  1.045D+09
  103  113     1   236  con    0  1.0D+00  3.0D+04  8.902D-01  1.045D+09
  104  114     1   236  con    0  1.0D+00  2.6D+04  2.148D-01  1.045D+09
  105  115     1   236  con    0  1.0D+00  1.2D+04  2.407D-01  1.045D+09
  106  116     1   236  con    0  1.0D+00  2.2D+04  1.695D+00  1.045D+09
  107  117     1   236  con    0  1.0D+00  4.0D+03  6.816D-01  1.045D+09
  108  118     1   236  con    0  1.0D+00  1.4D+03  5.463D-01  1.045D+09
  109  119     1   236  con    0  1.0D+00  8.3D+03  1.448D-01  1.045D+09
  110  120     1   236  con    0  1.0D+00  1.2D+04  1.852D-01  1.045D+09
  111  121     1   236  con    0  1.0D+00  2.3D+04  3.719D-01  1.045D+09
  112  122     1   236  con    0  1.0D+00  1.7D+04  2.529D-01  1.045D+09
  113  123     1   236  con    0  1.0D+00  4.3D+03  7.090D-01  1.045D+09
  114  124     1   236  con    0  1.0D+00  5.1D+03  2.481D-01  1.045D+09
  115  125     1   236  con    0  1.0D+00  6.3D+03  1.692D-01  1.045D+09
  116  126     1   236  con    0  1.0D+00  1.2D+04  3.126D-01  1.045D+09
  117  127     1   236  con    0  1.0D+00  1.7D+04  2.715D-01  1.045D+09
  118  128     1   236  con    0  1.0D+00  2.4D+04  1.704D+00  1.045D+09
  119  129     1   236  con    0  1.0D+00  6.4D+03  1.131D+00  1.045D+09
  120  130     1   236  con    0  1.0D+00  5.8D+03  6.128D-01  1.045D+09
  121  131     1   236  con    0  1.0D+00  2.8D+03  2.110D-01  1.045D+09
  122  132     1   236  con    0  1.0D+00  3.9D+03  3.159D-01  1.045D+09
  123  133     1   236  con    0  1.0D+00  1.1D+04  4.243D-01  1.045D+09
  124  134     1   236  con    0  1.0D+00  1.8D+04  6.936D-01  1.045D+09
  125  135     1   236  con    0  1.0D+00  2.7D+04  3.412D-01  1.045D+09
  126  136     1   236  con    0  1.0D+00  1.9D+04  2.637D-01  1.045D+09
  127  137     1   236  con    0  1.0D+00  4.7D+03  1.417D-01  1.045D+09
  128  138     1   236  con    0  1.0D+00  5.3D+03  2.190D-01  1.045D+09
  129  139     1   236  con    0  1.0D+00  7.5D+03  3.296D-01  1.045D+09
  130  140     1   236  con    0  1.0D+00  2.2D+04  2.042D+00  1.045D+09
  131  141     1   236  con    0  1.0D+00  2.8D+03  1.766D-01  1.045D+09
  132  142     1   236  con    0  1.0D+00  3.9D+03  1.865D-01  1.045D+09
  133  143     1   236  con    0  1.0D+00  6.1D+03  3.285D-01  1.045D+09
  134  144     1   236  con    0  1.0D+00  8.3D+03  1.674D-01  1.045D+09
  135  145     1   236  con    0  1.0D+00  1.8D+04  3.719D-01  1.045D+09
  136  146     1   236  con    0  1.0D+00  3.9D+03  1.032D-01  1.045D+09
  137  147     1   236  con    0  1.0D+00  6.3D+03  2.972D-01  1.045D+09
  138  148     1   236  con    0  1.0D+00  5.5D+03  2.812D-01  1.045D+09
  139  149     1   236  con    0  1.0D+00  1.6D+04  1.626D-01  1.045D+09
  140  150     1   236  con    0  1.0D+00  1.4D+04  1.354D-01  1.045D+09
  141  151     1   236  con    0  1.0D+00  1.0D+04  2.801D-01  1.045D+09
  142  152     1   236  con    0  1.0D+00  1.9D+04  1.668D+00  1.045D+09
  143  153     1   236  con    0  1.0D+00  1.8D+03  1.328D-01  1.045D+09
  144  154     1   236  con    0  1.0D+00  1.4D+03  1.755D-01  1.045D+09
  145  155     1   236  con    0  1.0D+00  3.8D+03  3.583D-01  1.045D+09
  146  156     1   236  con    0  1.0D+00  7.7D+03  3.541D-01  1.045D+09
  147  157     1   236  con    0  1.0D+00  3.6D+04  1.128D+00  1.045D+09
  148  158     1   236  con    0  1.0D+00  8.2D+03  1.882D-01  1.045D+09
  149  159     1   236  con    0  1.0D+00  1.6D+03  3.554D-01  1.045D+09
  150  160     1   236  con    0  1.0D+00  7.6D+03  3.997D-01  1.045D+09
  151  161     1   236  con    0  1.0D+00  1.4D+04  4.428D-01  1.045D+09
  152  162     1   236  con    0  1.0D+00  2.9D+04  2.737D-01  1.045D+09
  153  163     1   236  con    0  1.0D+00  3.9D+03  2.080D-01  1.045D+09
  154  164     1   236  con    0  1.0D+00  5.1D+03  3.948D-01  1.045D+09
  155  166     1   236  con    1  4.8D-01  6.3D+03  6.397D-01  1.045D+09
  156  167     1   236  con    0  1.0D+00  2.8D+03  3.730D-01  1.045D+09
  157  168     1   236  con    0  1.0D+00  5.6D+03  1.468D-01  1.045D+09
  158  169     1   236  con    0  1.0D+00  8.3D+03  1.035D-01  1.045D+09
  159  170     1   236  con    0  1.0D+00  1.2D+04  2.456D-01  1.045D+09
  160  171     1   236  con    0  1.0D+00  1.5D+04  1.658D-01  1.045D+09
  161  172     1   236  con    0  1.0D+00  1.8D+04  6.253D-01  1.045D+09
  162  173     1   236  con    0  1.0D+00  2.0D+03  1.645D-01  1.045D+09
  163  174     1   236  con    0  1.0D+00  2.0D+03  2.359D-01  1.045D+09
  164  175     1   236  con    0  1.0D+00  4.1D+03  2.398D-01  1.045D+09
  165  176     1   236  con    0  1.0D+00  2.1D+04  1.261D-01  1.045D+09
  166  177     1   236  con    0  1.0D+00  2.3D+04  1.502D+00  1.045D+09
  167  178     1   236  con    0  1.0D+00  6.5D+03  2.364D-01  1.045D+09
  168  179     1   236  con    0  1.0D+00  9.2D+02  2.856D-01  1.045D+09

CONVERGENCE: REL_REDUCTION_OF_F_<=_FACTR*EPSMCH             

 Total User time 0.000E+00 seconds.

RUNNING THE L-BFGS-B CODE

it    = iteration number
nf    = number of function evaluations
nseg  = number of segments explored during the Cauchy search
nact  = number of active bounds at the generalized Cauchy point
sub   = manner in which the subspace minimization terminated:
        con = converged, bnd = a bound was reached
itls  = number of iterations performed in the line search
stepl = step length used
tstep = norm of the displacement (total step)
projg = norm of the projected gradient
f     = function value

           * * *

Machine precision = 2.220D-16
 N =         8319     M =           10

   it   nf  nseg  nact  sub  itls  stepl    tstep     projg        f
    0    1     -     -   -     -     -        -     2.856D-01  1.045D+09
    1    2     1   236  ---    0  1.0D+00  5.0D-01  2.843D-01  1.045D+09

CONVERGENCE: REL_REDUCTION_OF_F_<=_FACTR*EPSMCH             

 Total User time 0.000E+00 seconds.

RUNNING THE L-BFGS-B CODE

it    = iteration number
nf    = number of function evaluations
nseg  = number of segments explored during the Cauchy search
nact  = number of active bounds at the generalized Cauchy point
sub   = manner in which the subspace minimization terminated:
        con = converged, bnd = a bound was reached
itls  = number of iterations performed in the line search
stepl = step length used
tstep = norm of the displacement (total step)
projg = norm of the projected gradient
f     = function value

           * * *

Machine precision = 2.220D-16
 N =         8319     M =           10

   it   nf  nseg  nact  sub  itls  stepl    tstep     projg        f
    0    1     -     -   -     -     -        -     1.709D+03  1.063D+10
    1    2     1   236  ---    0  1.0D+00  2.4D+03  1.708D+03  1.063D+10
    2    3     1   236  con    0  1.0D+00  5.7D+06  1.328D+03  7.618D+09
    3    4     1   236  con    0  1.0D+00  2.5D+06  5.387D+02  5.227D+09
    4    6     1   236  con    1  5.0D-01  3.6D+05  9.617D+01  5.042D+09
    5    8     1   236  con    1  2.2D-01  2.1D+04  6.453D+01  5.040D+09
    6    9     1   236  con    0  1.0D+00  1.6D+04  4.142D+01  5.039D+09
    7   11     1   236  con    1  5.0D+00  1.0D+06  1.954D+02  4.978D+09
    8   12     1   236  bnd    0  1.0D+00  2.4D+06  3.422D+02  4.896D+09
    9   14     1   237  con    1  5.0D+00  6.0D+05  2.801D+02  4.854D+09
   10   15     1   237  bnd    0  1.0D+00  1.6D+06  3.418D+02  4.839D+09
   11   16     1   239  con    0  1.0D+00  6.0D+04  3.043D+02  4.826D+09
   12   18     1   239  con    1  4.6D-01  2.2D+05  3.598D+01  4.795D+09
   13   20     1   239  con    1  2.2D-01  4.7D+03  1.991D+01  4.795D+09
   14   21     1   239  con    0  1.0D+00  4.7D+03  3.877D+01  4.795D+09
   15   23     1   239  con    1  5.0D+00  3.7D+04  2.953D+01  4.795D+09
   16   24     1   239  con    0  1.0D+00  3.8D+04  6.339D+00  4.794D+09
   17   25     1   239  con    0  1.0D+00  9.3D+04  2.560D+01  4.794D+09
   18   26     1   239  con    0  1.0D+00  7.0D+04  8.169D+00  4.794D+09
   19   27     1   239  con    0  1.0D+00  8.7D+04  1.110D+01  4.793D+09
   20   28     1   239  con    0  1.0D+00  2.3D+05  1.376D+01  4.792D+09
   21   29     1   239  bnd    0  1.0D+00  1.5D+06  3.022D+01  4.785D+09
   22   30     1   240  con    0  1.0D+00  1.1D+06  3.965D+01  4.781D+09
   23   31     1   240  con    0  1.0D+00  7.8D+05  4.127D+01  4.779D+09
   24   32     1   240  con    0  1.0D+00  2.3D+05  3.365D+01  4.778D+09
   25   35     1   240  con    2  3.2D-02  1.3D+04  7.912D+00  4.778D+09
   26   36     1   240  con    0  1.0D+00  6.8D+04  3.300D+01  4.778D+09
   27   37     1   240  con    0  1.0D+00  6.5D+04  7.300D+00  4.778D+09
   28   38     1   240  con    0  1.0D+00  5.4D+04  4.425D+00  4.777D+09
   29   39     1   240  con    0  1.0D+00  1.8D+05  7.631D+00  4.777D+09
   30   40     1   239  con    0  1.0D+00  5.1D+05  1.195D+01  4.776D+09
   31   41     1   239  con    0  1.0D+00  2.8D+05  1.389D+01  4.776D+09
   32   42     1   239  con    0  1.0D+00  1.8D+05  1.061D+01  4.775D+09
   33   43     1   239  con    0  1.0D+00  1.2D+05  6.594D+00  4.775D+09
   34   44     1   239  con    0  1.0D+00  1.3D+05  2.560D+01  4.775D+09
   35   45     1   239  con    0  1.0D+00  1.0D+05  5.640D+00  4.775D+09
   36   46     1   238  con    0  1.0D+00  4.2D+04  4.779D+00  4.775D+09
   37   47     1   238  con    0  1.0D+00  2.1D+05  4.454D+01  4.775D+09
   38   48     1   237  con    0  1.0D+00  3.8D+04  1.606D+01  4.774D+09
   39   49     1   237  con    0  1.0D+00  3.7D+04  1.550D+01  4.774D+09
   40   51     1   237  con    1  1.5D-01  5.9D+04  2.083D+01  4.774D+09
   41   52     1   237  con    0  1.0D+00  1.1D+05  1.782D+01  4.774D+09
   42   53     1   237  con    0  1.0D+00  2.2D+05  1.227D+01  4.774D+09
   43   54     1   237  con    0  1.0D+00  1.9D+05  4.927D+00  4.774D+09
   44   55     1   237  con    0  1.0D+00  1.6D+05  1.717D+01  4.773D+09
   45   56     1   237  con    0  1.0D+00  9.3D+04  1.031D+01  4.773D+09
   46   57     1   237  con    0  1.0D+00  4.1D+04  1.545D+00  4.773D+09
   47   58     1   237  con    0  1.0D+00  3.4D+04  1.443D+01  4.773D+09
   48   59     1   237  con    0  1.0D+00  4.7D+04  3.270D+00  4.773D+09
   49   60     1   237  con    0  1.0D+00  1.7D+04  1.715D+00  4.773D+09
   50   61     1   237  con    0  1.0D+00  7.6D+04  5.173D+00  4.773D+09
   51   63     1   237  con    1  3.9D-01  4.3D+04  3.190D+01  4.773D+09
   52   64     1   237  con    0  1.0D+00  9.1D+04  2.663D+01  4.773D+09
   53   65     1   237  con    0  1.0D+00  1.5D+05  6.585D+00  4.773D+09
   54   66     1   237  con    0  1.0D+00  2.1D+04  5.766D+00  4.773D+09
   55   67     1   237  bnd    0  1.0D+00  1.9D+05  1.635D+01  4.773D+09
   56   68     1   237  con    0  1.0D+00  8.9D+04  5.123D+00  4.773D+09
   57   69     1   236  bnd    0  1.0D+00  5.0D+04  1.573D+01  4.773D+09
   58   70     1   236  bnd    0  1.0D+00  4.5D+04  8.652D+00  4.773D+09
   59   71     1   237  con    0  1.0D+00  3.3D+04  9.521D+00  4.773D+09
   60   72     1   236  con    0  1.0D+00  7.6D+04  2.225D+01  4.773D+09
   61   73     1   236  con    0  1.0D+00  1.1D+05  1.702D+01  4.773D+09
   62   75     1   236  con    1  4.5D-01  1.0D+05  1.246D+00  4.773D+09
   63   76     1   236  con    0  1.0D+00  6.4D+04  9.984D+00  4.773D+09
   64   77     1   236  con    0  1.0D+00  2.5D+04  4.743D+00  4.773D+09
   65   78     1   236  con    0  1.0D+00  2.3D+04  1.960D+00  4.773D+09
   66   79     1   235  bnd    0  1.0D+00  1.5D+05  8.136D+00  4.772D+09
   67   80     1   235  con    0  1.0D+00  1.2D+05  7.179D-01  4.772D+09
   68   81     1   235  con    0  1.0D+00  7.5D+04  5.564D+00  4.772D+09
   69   83     1   235  con    1  3.3D-01  1.7D+04  1.234D+00  4.772D+09
   70   84     1   235  con    0  1.0D+00  1.7D+04  7.040D-01  4.772D+09
   71   85     1   235  con    0  1.0D+00  7.7D+04  7.528D-01  4.772D+09
   72   86     1   235  bnd    0  1.0D+00  1.5D+05  9.232D-01  4.772D+09
   73   87     1   236  bnd    0  1.0D+00  9.8D+04  2.300D+01  4.772D+09
   74   88     1   237  con    0  1.0D+00  6.6D+04  1.234D+01  4.772D+09
   75   89     1   237  con    0  1.0D+00  1.7D+04  1.497D+01  4.772D+09
   76   90     1   237  con    0  1.0D+00  9.5D+03  5.173D+00  4.772D+09
   77   91     1   237  con    0  1.0D+00  1.0D+04  3.725D+00  4.772D+09
   78   92     1   237  con    0  1.0D+00  2.1D+04  1.891D+00  4.772D+09
   79   93     1   237  con    0  1.0D+00  5.6D+03  3.931D+00  4.772D+09
   80   94     1   237  con    0  1.0D+00  1.2D+04  2.928D+00  4.772D+09
   81   95     1   237  con    0  1.0D+00  6.7D+04  4.362D+00  4.772D+09
   82   97     1   237  con    1  1.5D-01  1.0D+05  1.515D+00  4.772D+09
   83   98     1   237  con    0  1.0D+00  1.2D+04  2.162D+00  4.772D+09
   84   99     1   237  con    0  1.0D+00  6.0D+04  8.426D+00  4.772D+09
   85  101     1   237  con    1  3.2D-01  6.9D+04  4.413D+00  4.772D+09
   86  102     1   237  con    0  1.0D+00  3.7D+04  5.802D-01  4.772D+09
   87  104     1   237  con    1  2.7D-01  1.2D+04  1.317D+01  4.772D+09
   88  105     1   237  con    0  1.0D+00  9.2D+03  7.304D+00  4.772D+09
   89  106     1   237  con    0  1.0D+00  4.8D+04  1.879D+01  4.772D+09
   90  107     1   237  con    0  1.0D+00  3.4D+04  2.191D+00  4.772D+09
   91  108     1   237  con    0  1.0D+00  2.7D+04  5.467D-01  4.772D+09
   92  109     1   237  con    0  1.0D+00  1.3D+04  2.154D+00  4.772D+09
   93  110     1   237  con    0  1.0D+00  7.9D+04  1.182D+01  4.772D+09
   94  111     1   237  con    0  1.0D+00  3.0D+04  1.440D+01  4.772D+09
   95  112     1   237  con    0  1.0D+00  1.9D+04  1.339D+01  4.772D+09
   96  113     1   237  con    0  1.0D+00  3.5D+04  1.007D+01  4.772D+09
   97  114     1   237  con    0  1.0D+00  4.2D+04  6.044D+00  4.772D+09
   98  115     1   237  con    0  1.0D+00  1.1D+04  7.876D+00  4.772D+09
   99  117     1   237  con    1  3.3D-01  1.1D+04  1.775D+00  4.772D+09
  100  118     1   237  con    0  1.0D+00  2.3D+04  6.482D-01  4.772D+09
  101  119     1   237  con    0  1.0D+00  2.6D+04  1.036D+00  4.772D+09
  102  121     1   237  con    1  4.5D-01  1.2D+04  2.233D+01  4.772D+09
  103  122     1   237  con    0  1.0D+00  9.1D+03  5.178D+00  4.772D+09
  104  123     1   237  con    0  1.0D+00  1.9D+04  1.143D+00  4.772D+09
  105  124     1   237  bnd    0  1.0D+00  1.3D+05  2.056D+00  4.772D+09
  106  125     1   238  con    0  1.0D+00  9.6D+04  7.404D+00  4.772D+09
  107  126     1   238  con    0  1.0D+00  5.0D+04  3.531D+00  4.772D+09
  108  127     1   238  con    0  1.0D+00  3.2D+04  3.874D-01  4.772D+09
  109  128     1   238  con    0  1.0D+00  1.0D+05  1.783D+01  4.772D+09
  110  129     1   238  con    0  1.0D+00  4.6D+04  4.245D-01  4.772D+09
  111  130     1   238  con    0  1.0D+00  1.3D+04  4.045D-01  4.772D+09
  112  131     1   238  con    0  1.0D+00  7.5D+04  4.403D+00  4.772D+09
  113  133     1   238  con    1  9.0D-02  1.1D+04  1.019D+01  4.772D+09
  114  134     1   238  con    0  1.0D+00  2.4D+04  2.676D+00  4.772D+09
  115  135     1   238  con    0  1.0D+00  1.6D+04  1.294D+00  4.772D+09
  116  137     1   238  con    1  2.0D-01  9.8D+03  1.767D+01  4.772D+09
  117  138     1   238  con    0  1.0D+00  1.3D+04  2.216D+00  4.772D+09
  118  139     1   238  con    0  1.0D+00  1.2D+04  2.381D+00  4.772D+09
  119  140     1   238  con    0  1.0D+00  3.4D+04  9.140D-01  4.772D+09
  120  141     1   238  con    0  1.0D+00  5.6D+04  1.055D+00  4.772D+09
  121  143     1   238  con    1  3.6D-01  5.5D+04  5.476D-01  4.772D+09
  122  144     1   237  con    0  1.0D+00  1.4D+05  3.965D+00  4.772D+09
  123  145     1   236  bnd    0  1.0D+00  4.2D+04  1.662D+00  4.772D+09
  124  146     1   236  con    0  1.0D+00  2.5D+04  2.566D+00  4.772D+09
  125  147     1   236  con    0  1.0D+00  2.5D+04  1.043D+00  4.772D+09
  126  148     1   236  con    0  1.0D+00  7.4D+04  1.171D+00  4.772D+09
  127  150     1   236  con    1  5.1D-02  1.0D+04  5.288D+00  4.772D+09
  128  151     1   236  con    0  1.0D+00  2.8D+04  1.440D+00  4.772D+09
  129  152     1   236  con    0  1.0D+00  1.9D+04  3.818D-01  4.772D+09
  130  154     1   236  con    1  2.7D-01  4.0D+03  3.581D+00  4.772D+09
  131  155     1   236  con    0  1.0D+00  5.0D+03  2.132D+00  4.772D+09
  132  156     1   236  con    0  1.0D+00  1.1D+04  1.081D+00  4.772D+09
  133  157     1   236  con    0  1.0D+00  1.3D+04  1.291D+00  4.772D+09
  134  158     1   236  con    0  1.0D+00  1.4D+04  2.164D+00  4.772D+09
  135  159     1   236  con    0  1.0D+00  2.0D+04  6.823D-01  4.772D+09
  136  160     1   236  con    0  1.0D+00  3.3D+04  5.505D-01  4.772D+09
  137  161     1   236  con    0  1.0D+00  1.5D+04  1.884D+00  4.772D+09
  138  163     1   236  con    1  1.3D-01  1.1D+04  3.025D+00  4.772D+09
  139  164     1   236  con    0  1.0D+00  8.9D+03  8.345D-01  4.772D+09
  140  165     1   236  con    0  1.0D+00  1.3D+04  4.949D-01  4.772D+09
  141  167     1   236  con    1  4.1D-01  2.0D+04  3.989D+00  4.772D+09
  142  168     1   236  con    0  1.0D+00  3.8D+04  4.042D-01  4.772D+09
  143  169     1   236  con    0  1.0D+00  6.8D+03  4.983D-01  4.772D+09
  144  170     1   236  con    0  1.0D+00  2.1D+04  7.792D-01  4.772D+09
  145  171     1   236  con    0  1.0D+00  1.9D+04  2.148D+00  4.772D+09
  146  172     1   236  con    0  1.0D+00  3.5D+04  1.562D+00  4.772D+09
  147  173     1   236  con    0  1.0D+00  3.4D+03  6.915D-01  4.772D+09
  148  174     1   236  con    0  1.0D+00  6.4D+03  5.329D-01  4.772D+09
  149  175     1   236  con    0  1.0D+00  1.8D+04  5.283D+00  4.772D+09
  150  176     1   236  con    0  1.0D+00  1.0D+04  2.454D+00  4.772D+09
  151  177     1   236  con    0  1.0D+00  5.1D+03  4.940D-01  4.772D+09
  152  178     1   236  con    0  1.0D+00  7.0D+03  1.878D+00  4.772D+09
  153  179     1   236  con    0  1.0D+00  7.5D+03  1.737D+00  4.772D+09
  154  180     1   236  con    0  1.0D+00  1.3D+04  2.143D+00  4.772D+09
  155  181     1   236  con    0  1.0D+00  5.1D+03  8.553D-01  4.772D+09
  156  182     1   236  con    0  1.0D+00  3.1D+03  4.435D-01  4.772D+09
  157  183     1   236  con    0  1.0D+00  3.8D+03  1.173D+00  4.772D+09
  158  184     1   236  con    0  1.0D+00  9.5D+03  2.350D+00  4.772D+09
  159  185     1   236  bnd    0  1.0D+00  2.4D+04  4.605D-01  4.772D+09
  160  187     1   237  con    1  2.2D-01  7.1D+03  3.143D+00  4.772D+09
  161  188     1   237  con    0  1.0D+00  3.8D+03  2.021D+00  4.772D+09
  162  189     1   237  con    0  1.0D+00  8.5D+03  1.330D+00  4.772D+09
  163  190     1   237  con    0  1.0D+00  2.4D+03  1.401D+00  4.772D+09
  164  192     1   237  con    1  2.6D-01  7.2D+03  7.838D+00  4.772D+09
  165  193     1   237  con    0  1.0D+00  1.1D+04  1.973D+00  4.771D+09
  166  194     1   237  con    0  1.0D+00  4.6D+03  1.736D+00  4.771D+09
  167  196     1   237  con    1  2.3D-01  1.1D+04  4.110D-01  4.771D+09
  168  197     1   237  con    0  1.0D+00  1.2D+04  7.536D-01  4.771D+09
  169  198     1   237  con    0  1.0D+00  2.2D+04  5.943D-01  4.771D+09
  170  199     1   237  con    0  1.0D+00  7.8D+03  1.868D-01  4.771D+09
  171  201     1   237  con    1  2.9D-01  3.3D+03  1.478D+00  4.771D+09

CONVERGENCE: REL_REDUCTION_OF_F_<=_FACTR*EPSMCH             

 Total User time 0.000E+00 seconds.

RUNNING THE L-BFGS-B CODE

it    = iteration number
nf    = number of function evaluations
nseg  = number of segments explored during the Cauchy search
nact  = number of active bounds at the generalized Cauchy point
sub   = manner in which the subspace minimization terminated:
        con = converged, bnd = a bound was reached
itls  = number of iterations performed in the line search
stepl = step length used
tstep = norm of the displacement (total step)
projg = norm of the projected gradient
f     = function value

           * * *

Machine precision = 2.220D-16
 N =         8319     M =           10

   it   nf  nseg  nact  sub  itls  stepl    tstep     projg        f
    0    1     -     -   -     -     -        -     1.478D+00  4.771D+09
    1    2     1   237  ---    0  1.0D+00  2.3D+00  1.395D+00  4.771D+09

CONVERGENCE: REL_REDUCTION_OF_F_<=_FACTR*EPSMCH             

 Total User time 0.000E+00 seconds.

